001_L_index_1.bmp,1,0.000128687,11743.30634,1677.881889,52.27371837,0.035449219,0.890642226,1.974980459,0.000113837,0.000226683,10668.23394,35046.58614,347.8839022,1203.425095,0.366358115,177042363.4,601940.908,8.532205852,0.794269167,-0.567936087,0.910248938,0.891168064,1031.532365,17.38097494,2917.110928,-0.568034196,1203.425095,-0.578776268,0.023598032,0.253026816,0.977860322,0.98745309,0.025950978,0.000113862,2.12E-07,5.78E-05,-2.28E-15,4.29E-10,1.69E-15
001_L_index_2.bmp,1,7.96E-05,19106.21817,1689.645239,21.95001613,0.03392334,0.90675949,1.708125794,7.15E-05,0.000137504,17578.94946,31459.94824,436.436649,1123.590061,0.437232405,167497145.8,637087.4899,8.294555733,0.800537707,-0.571814661,0.914561702,0.894703509,1093.364947,18.42882107,3230.335417,-0.571863779,1123.590061,-0.583424131,0.025257756,0.261609004,0.978392081,0.987591389,0.020655599,7.84E-05,1.22E-07,3.55E-05,1.51E-15,-1.48E-10,-1.28E-15
001_L_index_3.bmp,1,0.000107635,14368.0813,1688.605774,43.95902736,0.035481771,0.891404808,1.943936775,9.43E-05,0.000196729,13166.18163,37901.99967,552.0724944,1539.009668,0.417741172,315651313.4,997396.398,9.552465272,0.80118492,-0.572233959,0.912996788,0.895039291,1429.334133,20.28298216,4182.231879,-0.572331439,1539.009668,-0.583202197,0.024145966,0.256314839,0.97645516,0.984727051,0.025141414,0.000103806,1.62E-07,5.80E-05,1.11E-15,3.16E-10,-1.76E-15
001_L_index_4.bmp,1,0.000117156,12776.97781,1669.00538,46.59442222,0.036621094,0.875231386,1.906296236,0.00010005,0.000227873,11588.3858,27078.14476,510.8900121,1357.308155,0.42948499,257518427.4,852653.5018,9.112853439,0.788519991,-0.564350055,0.908669279,0.88794913,1291.697929,19.97292876,3822.64792,-0.56442646,1357.308155,-0.577029329,0.027193503,0.269652158,0.976866615,0.986017226,0.025496369,0.000112118,1.85E-07,5.41E-05,3.90E-14,1.90E-09,-3.05E-14
001_L_index_5.bmp,1,0.000111569,12964.73173,1643.42644,42.14634521,0.035424805,0.884133233,1.783645827,9.66E-05,0.000206688,11762.97848,23939.14243,511.9914475,1271.440667,0.446104469,238422201.5,817135.3926,8.510688619,0.802259375,-0.572885781,0.914815683,0.895661992,1246.969156,19.32183347,3715.192506,-0.572946503,1271.440667,-0.584114985,0.026256639,0.266427123,0.978469307,0.986797832,0.025301585,0.000105316,3.92E-08,5.55E-05,2.10E-14,1.11E-09,-8.09E-15
001_L_index_6.bmp,1,0.000124353,11538.13511,1667.127257,42.55415868,0.035827637,0.883608808,1.861134715,0.00010786,0.000237123,10472.05762,22706.88022,407.6117629,1188.508555,0.406855645,178276365.2,645199.1653,8.418362359,0.794755605,-0.568225497,0.911132004,0.891460434,1088.026409,18.17198289,3170.146172,-0.568287059,1188.508555,-0.580262887,0.025027376,0.260076861,0.978225068,0.987451041,0.02706079,0.000137249,1.54E-07,6.30E-05,3.79E-17,1.85E-11,-4.63E-16
002_L_index_1.bmp,2,8.86E-05,14677.21119,1763.539926,35.69616002,0.037548828,0.890759645,1.731747205,7.86E-05,0.000153317,13215.58152,25559.99704,437.0150997,1024.073781,0.460477421,121362056.5,543698.3473,8.432391843,0.780279232,-0.559211004,0.907853388,0.883301185,1046.063192,19.40932764,3170.876741,-0.559274599,1024.073781,-0.573515609,0.028168934,0.273252399,0.977412085,0.987799335,0.022651871,0.00011833,3.97E-07,4.83E-05,3.52E-13,3.78E-09,-4.94E-14
002_L_index_2.bmp,2,9.52E-05,13930.45565,1672.939556,33.68676667,0.036490885,0.880473231,1.832325967,8.31E-05,0.000177141,12436.84219,25555.51587,422.2611822,992.7952475,0.45965409,115698022.5,519961.1959,8.213887652,0.779496552,-0.558720259,0.908516974,0.882861731,1014.136735,19.12535589,3069.299061,-0.558777161,992.7952475,-0.574390564,0.029117066,0.27726611,0.977929179,0.988232793,0.023439863,0.000124282,3.25E-07,5.36E-05,2.62E-13,2.99E-09,-8.13E-15
002_L_index_3.bmp,2,9.96E-05,13367.33501,1719.377762,31.59060269,0.037239583,0.882127749,1.836531269,8.67E-05,0.000187339,11960.37339,24783.75997,398.5314222,941.218371,0.458540321,104422869.5,479415.5239,7.967742812,0.779528545,-0.558738372,0.908715626,0.882882638,960.226085,18.64754777,2904.220774,-0.558794298,941.218371,-0.574327283,0.02946677,0.278797799,0.978432722,0.98876262,0.023590645,0.000120016,3.95E-07,5.49E-05,4.97E-13,4.49E-09,-5.16E-14
002_L_index_4.bmp,2,0.000126293,12089.52919,1638.326097,28.36418256,0.035099284,0.885793841,1.818913617,0.000109394,0.000239692,11005.21258,24387.27224,331.9398937,888.3231187,0.427723506,107682298.6,440416.4765,7.252377669,0.797976041,-0.57022341,0.915350781,0.893270695,851.9355419,16.48744361,2507.02639,-0.570278108,888.3231187,-0.583347887,0.026012302,0.264898991,0.980452108,0.989848569,0.027542701,0.00015998,2.59E-07,6.73E-05,4.73E-13,5.40E-09,-2.53E-14
002_L_index_5.bmp,2,0.000125348,12347.26709,1679.961135,28.82451148,0.035388184,0.892285691,1.828603057,0.000109835,0.000226598,11266.80101,27601.14458,339.253048,937.4791188,0.419901017,121657101.2,474559.4756,7.455422794,0.798383891,-0.570477981,0.914213214,0.893497243,886.5017258,16.60219439,2589.361912,-0.570533986,937.4791188,-0.582291309,0.025182841,0.26103091,0.980032109,0.989482364,0.027566928,0.000151247,2.73E-07,7.08E-05,4.80E-13,5.24E-09,-3.55E-14
002_L_index_6.bmp,2,0.00013125,11839.71501,1681.438556,29.8106103,0.036140951,0.88544658,1.815814577,0.00011431,0.000237599,10739.34184,25142.58237,316.999964,864.7846265,0.423035894,101057852.2,414440.0836,7.203343052,0.791646337,-0.566290588,0.913282214,0.889716081,825.5328232,16.45309537,2422.420414,-0.566351169,864.7846265,-0.580318115,0.027319982,0.27032373,0.980434419,0.990115997,0.027658148,0.000156645,2.04E-07,6.73E-05,2.45E-13,3.86E-09,-3.37E-14
003_L_index_1.bmp,3,0.00013126,11529.44587,1878.912846,51.32390226,0.04272054,0.863375723,2.002488098,0.0001139,0.000245021,10154.13582,24651.47742,387.117073,1003.6743,0.435485698,111280247.7,479937.848,8.519954225,0.754281582,-0.542961083,0.899591488,0.868436283,991.5855136,19.62626276,2958.928753,-0.543060052,1003.6743,-0.563153463,0.03259789,0.289193907,0.976786504,0.988325917,0.021233414,6.86E-05,3.77E-07,3.90E-05,2.12E-14,5.84E-10,2.63E-15
003_L_index_2.bmp,3,0.0001269,12421.84662,1926.761213,50.87274424,0.043184408,0.870064968,2.166410705,0.000109334,0.000243642,11067.94388,39564.37649,430.1063473,1171.361132,0.423427607,161627331.1,609088.2181,8.905416466,0.757997346,-0.54529285,0.901111114,0.870571269,1124.350258,20.33139316,3327.616439,-0.545398974,1171.361132,-0.564977669,0.033031634,0.291306695,0.976430723,0.987252585,0.021031058,6.25E-05,2.40E-07,4.15E-05,4.64E-15,2.92E-10,2.54E-15
003_L_index_3.bmp,3,0.000159185,11499.94745,1893.301336,45.3072917,0.042447917,0.866849859,2.02420226,0.000136081,0.000320374,10259.94925,24678.52293,493.6031109,1456.578224,0.403971479,217243256.1,785043.6922,10.10387507,0.75824614,-0.545444965,0.897280843,0.870720069,1345.382547,21.69433198,3925.586688,-0.545538617,1456.578224,-0.561622093,0.031039927,0.283378575,0.974112762,0.984642674,0.023171325,8.44E-05,4.29E-08,4.43E-05,2.49E-14,1.08E-09,-7.09E-15
003_L_index_4.bmp,3,0.000159908,11554.19488,1914.061683,46.91404939,0.043473307,0.863493755,2.033909453,0.000137045,0.000309289,10269.30474,25469.11781,531.4199214,1421.004133,0.427910245,223592110,812974.4065,9.920170583,0.755391922,-0.54365257,0.897032087,0.869083262,1372.392001,22.16961925,4062.555851,-0.543743682,1421.004133,-0.561046653,0.032723601,0.28985203,0.97453125,0.984957568,0.022523034,9.12E-05,8.28E-08,3.92E-05,-7.27E-15,1.92E-10,-8.75E-15
003_L_index_5.bmp,3,0.000148552,10834.9901,1939.068229,58.20835345,0.043583171,0.867499277,2.025215858,0.000127254,0.000286511,9660.767642,27997.28647,436.3171157,1051.082819,0.453632285,172739893.3,614556.6001,8.289544236,0.762131582,-0.547877946,0.901676469,0.872951307,1063.971055,19.48744701,3197.745508,-0.547967261,1051.082819,-0.565931497,0.032880944,0.291030753,0.97776791,0.988457904,0.022886764,6.57E-05,3.78E-08,5.17E-05,1.15E-14,7.59E-10,5.49E-15
003_L_index_6.bmp,3,0.000156704,10037.87179,1906.690617,58.93350238,0.043603516,0.862810144,1.994588219,0.000134148,0.000304651,8904.151999,22856.92994,383.6324479,992.1634887,0.436101571,133518023.1,512274.8316,8.161246934,0.756912506,-0.544609505,0.900318309,0.869952792,976.8289137,18.99725717,2908.559284,-0.544704009,992.1634887,-0.564067551,0.033443207,0.292710474,0.977833871,0.988911559,0.023790294,8.41E-05,7.93E-08,4.92E-05,3.77E-14,1.23E-09,1.23E-14
004_L_index_1.bmp,4,8.72E-05,16813.08236,1796.520009,33.82548142,0.039933268,0.875155832,1.852397137,7.60E-05,0.00015694,14930.90085,32603.68636,592.428976,1421.810789,0.454557053,249910204,911833.4839,9.541564149,0.787891392,-0.563953635,0.911007232,0.887602577,1427.6125,21.58687583,4282.172428,-0.564015537,1421.810789,-0.577469668,0.028071581,0.27346417,0.976046654,0.984729716,0.019099606,5.88E-05,6.76E-08,3.14E-05,8.14E-15,4.12E-10,2.43E-16
004_L_index_2.bmp,4,8.68E-05,17052.70614,1835.457243,33.94747634,0.039758301,0.883811278,1.989341561,7.60E-05,0.000157574,15318.77394,43409.16265,572.4635265,1518.763029,0.42983289,254150275.7,918053.7068,9.820017947,0.787552286,-0.563747187,0.910618485,0.88740439,1455.885648,21.67148575,4303.014611,-0.56381983,1518.763029,-0.577114571,0.027755223,0.272057808,0.975627826,0.984122575,0.0198438,6.05E-05,4.11E-08,3.63E-05,1.93E-16,5.18E-11,-1.48E-16
004_L_index_3.bmp,4,7.99E-05,19392.05253,2002.366368,26.86007279,0.043684896,0.883058301,1.842857123,6.99E-05,0.000145287,17402.93083,37089.19079,949.1770282,2109.971872,0.473604275,487809053,1616025.825,12.49674051,0.758644774,-0.545685549,0.897241423,0.870963361,2212.250711,28.50099596,6750.388536,-0.545756662,2109.971872,-0.560250674,0.032566932,0.289709826,0.970150805,0.978596826,0.016826306,3.60E-05,1.84E-08,2.90E-05,-1.73E-17,-1.42E-11,-7.37E-18
004_L_index_4.bmp,4,7.03E-05,21582.4532,1895.884712,28.76075815,0.042272949,0.8744719,1.918329066,6.12E-05,0.000132835,19183.40374,41812.01116,999.9646917,2294.68971,0.465688192,531534177.5,1744548.6,13.31689514,0.754492438,-0.543085476,0.895910079,0.868569877,2379.228622,29.77647077,7213.80781,-0.543164239,2294.68971,-0.559287585,0.032114383,0.287440476,0.968491129,0.976898376,0.016263797,3.40E-05,1.02E-08,2.67E-05,-8.09E-17,-1.46E-11,1.40E-17
004_L_index_5.bmp,4,8.52E-05,17958.00982,1865.812277,33.90665922,0.040629069,0.884763687,1.827695234,7.42E-05,0.000158082,16219.9273,33204.77202,531.2682423,1220.208801,0.465488171,189305136.9,739924.5709,8.841956952,0.780288819,-0.559219798,0.911253366,0.883302356,1262.410782,20.90366329,3805.911294,-0.559288901,1220.208801,-0.576358096,0.030617938,0.283622352,0.977165723,0.986507307,0.01838139,5.39E-05,8.35E-10,3.18E-05,-4.04E-17,-3.46E-11,1.36E-17
004_L_index_6.bmp,4,8.82E-05,17217.52139,1918.783704,33.63187481,0.042260742,0.879190283,1.818830216,7.65E-05,0.000160467,15431.59543,31912.22603,548.7965961,1227.479968,0.472101927,181666802,735310.7143,9.309157109,0.76306589,-0.548454452,0.903627052,0.873499606,1297.750532,21.99703866,3930.92691,-0.548526041,1227.479968,-0.566707892,0.032588051,0.290036442,0.975631094,0.986058525,0.018233905,6.02E-05,7.69E-09,2.91E-05,-5.53E-17,1.73E-11,-5.58E-17
005_L_index_1.bmp,5,0.000192655,8068.918423,1541.674825,29.87079093,0.033312988,0.883662686,1.813129908,0.000168389,0.000353172,7281.846934,16520.71568,263.0465667,823.3576618,0.389862025,106053182,379963.0035,7.128447953,0.759157437,-0.546007521,0.898876179,0.871256719,741.7794593,16.00856451,2149.591426,-0.546098794,823.3576618,-0.562128474,0.032334335,0.288624642,0.980153614,0.991016488,0.032651481,0.000257503,3.05E-07,7.45E-05,1.24E-15,-3.29E-10,7.24E-15
005_L_index_2.bmp,5,0.000205966,7831.403854,1607.087855,32.14224876,0.03470459,0.882508135,1.757901528,0.00017908,0.000370733,7104.655942,14875.21048,256.4593989,874.8607379,0.369603055,110107194.9,387848.5905,7.579148986,0.745449916,-0.537404525,0.891721135,0.863350621,765.1933862,16.4508683,2189.290207,-0.537510462,874.8607379,-0.553583287,0.032828097,0.289275442,0.978880873,0.990478567,0.031622955,0.000217636,2.31E-07,7.94E-05,1.33E-14,2.72E-10,1.42E-14
005_L_index_3.bmp,5,0.000202126,7817.750347,1544.999192,30.24957724,0.033626302,0.881056295,1.823682304,0.00017543,0.000374366,7082.568687,15273.22151,267.9414257,827.8901518,0.392947396,100036059.6,371064.6233,7.206621095,0.749798761,-0.54013528,0.896184582,0.865869168,753.7487526,16.5321914,2191.11326,-0.540229255,827.8901518,-0.558038147,0.034794381,0.297306162,0.979913083,0.990926573,0.033753743,0.000293733,1.59E-07,7.72E-05,1.53E-14,6.35E-10,5.88E-15
005_L_index_4.bmp,5,0.000220718,7476.617189,1606.089328,33.1677104,0.034484863,0.884829847,1.829833965,0.00019315,0.000411109,6772.396595,15855.6374,302.4315072,962.864851,0.385829217,128435222,451630.1484,7.847379239,0.738684591,-0.5331523,0.890052293,0.859415764,867.6928252,17.78010119,2507.956806,-0.533267143,962.864851,-0.550236906,0.036196094,0.301443328,0.978479777,0.989839731,0.034641002,0.000304176,1.52E-07,7.26E-05,-3.23E-14,-1.62E-09,-1.35E-14
005_L_index_5.bmp,5,0.00022457,7498.795897,1647.184942,35.51071112,0.035441081,0.885632067,1.748789167,0.000196307,0.000391719,6823.782237,17201.83806,301.9876836,994.6138917,0.377828873,137174973.8,468970.289,7.876137533,0.738758815,-0.533198164,0.889952903,0.859460315,884.7117618,17.83285194,2539.86076,-0.533315694,994.6138917,-0.54952282,0.037615395,0.306553289,0.978570534,0.989654823,0.033124152,0.000249836,1.21E-07,7.42E-05,-1.88E-14,-9.00E-10,-9.29E-15
005_L_index_6.bmp,5,0.000224388,7513.632513,1602.791861,32.29956195,0.034395345,0.884578186,1.838984547,0.000196344,0.000406943,6815.65155,19063.51058,308.0709905,987.6450274,0.384190711,132531713.2,462718.7566,7.958356502,0.731542501,-0.528650621,0.887228318,0.855250616,890.5408275,18.1927675,2570.404305,-0.528771325,987.6450274,-0.546462752,0.038291671,0.30822764,0.9782317,0.989659021,0.033952122,0.000287068,4.37E-07,6.68E-05,-1.01E-13,2.36E-09,-1.88E-13
006_L_index_1.bmp,6,0.000165994,8556.578185,1774.958603,37.75167353,0.040942383,0.859038907,1.965685562,0.000140354,0.000336368,7522.53612,18040.25246,261.1234053,687.5181443,0.431700915,70018249.19,294906.6759,6.870598434,0.739724193,-0.533809258,0.895341851,0.860016739,678.192277,16.68715251,2028.568385,-0.533918432,687.5181443,-0.555652696,0.037096648,0.304765097,0.980208103,0.991963215,0.024828082,0.000122704,7.33E-07,5.23E-05,2.03E-15,1.51E-10,1.55E-14
006_L_index_2.bmp,6,0.000157972,8502.704402,1753.691198,35.3448329,0.040661621,0.856267687,1.97030602,0.000132988,0.000332668,7432.063525,15723.46844,264.8376133,565.590703,0.483619592,42002384.12,234941.0176,6.406955451,0.740705849,-0.534425021,0.897645299,0.860590778,621.2987959,16.63876381,1919.851328,-0.534526088,565.590703,-0.557921106,0.038995511,0.311609111,0.981124147,0.99282388,0.024816455,0.000132783,5.81E-07,4.78E-05,1.05E-16,2.36E-11,1.87E-15
006_L_index_3.bmp,6,0.000243487,10896.33016,1759.502852,39.42798368,0.039567057,0.868526393,1.90897549,0.000192689,0.000719483,9671.993872,21969.32028,331.1591662,908.5346182,0.42163424,106033728.5,427419.1275,7.867842431,0.761991251,-0.547787029,0.901649921,0.872875576,869.2990135,17.91691901,2574.114022,-0.547870389,908.5346182,-0.564870386,0.031097177,0.283997889,0.97832312,0.989611822,0.025501703,0.000128112,6.01E-07,5.82E-05,1.69E-13,2.34E-09,-3.25E-14
006_L_index_4.bmp,6,0.000248645,10686.12793,1777.428453,38.05075746,0.040258789,0.865769988,1.944319065,0.000200581,0.000699841,9536.863685,21558.82482,372.738557,979.5188904,0.432166383,134463384.2,503171.4075,8.001440041,0.75019589,-0.540390322,0.899003758,0.866089744,956.7524019,19.00802891,2852.609526,-0.540481345,979.5188904,-0.560295606,0.036331354,0.303129242,0.978231,0.989270181,0.025911527,0.000124093,9.88E-08,5.76E-05,3.83E-16,1.05E-10,2.56E-15
006_L_index_5.bmp,6,0.000339356,10045.8149,1794.089481,44.98110575,0.040604655,0.866465162,2.033780937,0.000291243,0.000680447,8916.068479,29283.89636,369.4547306,975.6318673,0.430968598,134411166.6,501977.7366,8.029999303,0.753543713,-0.542496167,0.899229882,0.868014219,948.1443005,18.76685021,2826.3025,-0.542599396,975.6318673,-0.560978415,0.034317132,0.295921446,0.97812464,0.989234437,0.025792706,0.000115449,4.11E-07,6.29E-05,2.27E-14,7.62E-10,2.00E-14
006_L_index_6.bmp,6,0.000281004,9091.750895,1742.61177,44.26468333,0.039449056,0.867512366,1.893739196,0.000236309,0.000600969,8034.976775,17454.1845,308.1971959,757.6838256,0.448590332,74754505.95,343591.1341,7.215052378,0.762565838,-0.548147372,0.903244479,0.873203961,763.4578769,17.19965367,2305.457626,-0.548233081,757.6838256,-0.565985995,0.032152051,0.288350101,0.979659103,0.990883113,0.028271612,0.0001901,2.53E-07,5.64E-05,-3.90E-15,-6.75E-11,-1.75E-14
007_L_index_1.bmp,7,0.000202982,10536.6996,1581.68263,24.53328891,0.034647624,0.882118184,1.789413506,0.000175531,0.000373202,9587.772633,18717.70367,548.7023926,1642.535409,0.400524409,230674432.4,847438.1261,11.25831693,0.719038639,-0.520757599,0.880374419,0.847899062,1534.22457,25.25665008,4501.81381,-0.520872599,1642.535409,-0.539187379,0.039450435,0.310955808,0.971138869,0.983114507,0.025812086,0.000177152,6.03E-07,4.50E-05,-4.75E-14,-1.35E-11,1.10E-13
007_L_index_2.bmp,7,0.000337883,11113.9799,1645.982162,24.2388351,0.034956868,0.894868723,1.722903832,0.000308092,0.000533454,10264.34385,20121.92871,553.1107568,1824.489266,0.377461946,269356854.8,940226.0362,11.97550973,0.72566908,-0.524953697,0.880364446,0.851792829,1631.364458,25.32324818,4705.052683,-0.525080648,1824.489266,-0.540227309,0.035959107,0.299245294,0.969779535,0.981600908,0.025887716,0.000177667,6.22E-07,4.54E-05,-4.28E-14,-1.11E-10,1.21E-13
007_L_index_3.bmp,7,0.000237502,10635.8741,1622.75731,24.40014358,0.035026042,0.887405153,1.719484196,0.000206089,0.000415891,9679.537254,18387.20103,533.2553179,1644.297957,0.393437393,229246897.5,840702.6677,11.09064201,0.729217552,-0.527190306,0.884244035,0.853879615,1514.590823,24.53845453,4405.587089,-0.527307054,1644.297957,-0.543806171,0.037465197,0.305064802,0.971731318,0.983218226,0.025786276,0.000179836,8.95E-07,4.67E-05,-2.68E-14,5.81E-10,2.30E-13
007_L_index_4.bmp,7,0.000323107,10988.04828,1660.11631,24.07271814,0.035746257,0.887443261,1.74248662,0.000296805,0.000489914,10065.9448,19424.16417,578.3211926,1831.174895,0.387123403,267648757.4,948970.3808,12.06045793,0.712658025,-0.516717509,0.876022083,0.844128294,1674.122333,26.38649727,4868.232444,-0.51683917,1831.174895,-0.534280145,0.039743761,0.311286674,0.969506544,0.981546352,0.024964973,0.000164075,6.49E-07,4.34E-05,-4.09E-14,-6.69E-11,1.09E-13
007_L_index_5.bmp,7,0.000254363,9576.302244,1589.517697,30.07162002,0.035367839,0.875558954,1.848948937,0.000226882,0.000447582,8685.889733,16736.22493,287.8991429,1223.338587,0.320054351,165241377.5,535507.5172,8.814167383,0.72309168,-0.523323821,0.885900519,0.850280678,994.3141264,18.67574832,2743.508861,-0.523446005,1223.338587,-0.544847492,0.036441797,0.300573249,0.976566334,0.988124308,0.027377015,0.000176853,9.71E-07,6.00E-05,6.39E-13,5.49E-09,-8.89E-14
007_L_index_6.bmp,7,0.000340732,9962.042178,1581.830612,30.16093289,0.035335286,0.87420149,1.81493833,0.000315254,0.000507546,9018.1835,17451.71531,301.1482201,1275.511956,0.320749726,164916925,546657.2817,9.165278426,0.717011943,-0.519479976,0.883561611,0.84669515,1039.236784,19.5349693,2882.273614,-0.519607245,1275.511956,-0.541365029,0.0380823,0.305880585,0.975708706,0.98751824,0.026288283,0.000156708,5.83E-07,5.33E-05,3.89E-14,9.80E-10,-2.25E-14
008_L_index_1.bmp,8,0.000121658,12003.1799,1615.830569,33.34523109,0.03630778,0.865857075,2.053631116,0.000102761,0.000267408,10769.79916,22948.59164,418.2987585,1464.586566,0.363551382,187188638.6,682520.8981,10.2473547,0.747231967,-0.538532634,0.894859109,0.864369814,1268.923403,21.59326279,3627.600775,-0.538631668,1464.586566,-0.558373755,0.032614224,0.28872086,0.973544774,0.984808919,0.022864007,8.58E-05,3.87E-07,5.39E-05,2.03E-13,2.33E-09,4.32E-14
008_L_index_2.bmp,8,0.000120907,11983.11188,1589.047401,33.11540645,0.035498047,0.865858623,2.001159475,0.000102144,0.000256428,10763.46116,22564.25028,380.3989645,1412.944144,0.349995215,180245054.8,645174.386,9.819139895,0.763587561,-0.548787161,0.900763268,0.873788883,1190.506746,20.16902941,3363.769428,-0.54886984,1412.944144,-0.565932804,0.029122541,0.275917137,0.974712058,0.985386027,0.023327194,9.20E-05,2.50E-07,5.35E-05,1.11E-13,1.77E-09,4.51E-15
008_L_index_3.bmp,8,0.000133486,11092.89802,1563.927891,35.28681365,0.035473633,0.861669113,2.013801745,0.000112754,0.000284864,9950.1535,20123.29086,345.299729,1275.311605,0.35128773,157247329.1,568510.7149,9.259065791,0.762567685,-0.548148609,0.900996191,0.873204898,1076.637108,19.19839764,3046.438419,-0.548228608,1275.311605,-0.566309245,0.028977844,0.275189779,0.975734264,0.986696896,0.024218769,9.83E-05,1.17E-07,5.71E-05,9.07E-14,1.82E-09,1.08E-15
008_L_index_4.bmp,8,0.000126362,11125.01901,1594.209969,35.40599994,0.036275228,0.861647464,1.975540964,0.000106639,0.000264639,9926.177072,19924.34244,347.3767751,1231.264256,0.360720526,146114104.7,543952.1188,9.137264339,0.758700544,-0.545728046,0.900451453,0.870983802,1058.137649,19.3842107,3017.976505,-0.545815811,1231.264256,-0.565106975,0.030413896,0.280876693,0.975898883,0.986996326,0.02443377,0.000116681,9.11E-08,5.13E-05,4.60E-14,1.41E-09,-4.12E-15
008_L_index_5.bmp,8,0.000136064,11334.79936,1599.127767,31.591475,0.035852051,0.86499225,2.028599375,0.000114596,0.000299859,10218.22484,19784.6616,317.5659299,1002.787108,0.387767745,125119969.2,463183.9657,7.727780531,0.764055277,-0.549075524,0.905321201,0.874063396,898.608645,17.76447888,2608.439477,-0.549148196,1002.787108,-0.568403209,0.033464349,0.293685721,0.979266679,0.98945733,0.024341976,0.000112496,1.31E-07,5.45E-05,8.92E-14,1.82E-09,-9.03E-15
008_L_index_6.bmp,8,0.000130366,11668.41366,1555.055359,31.11080152,0.035762533,0.855899149,2.04632088,0.000108435,0.000288535,10431.92625,20567.85479,328.389527,983.7263671,0.400367335,128071770.8,473113.7417,7.639572426,0.768386851,-0.55178368,0.907194609,0.876541594,905.7202055,17.66816463,2629.238113,-0.551849721,983.7263671,-0.571247219,0.032919748,0.291863988,0.979488845,0.989543696,0.024274238,0.000118645,2.61E-07,5.26E-05,1.28E-13,2.12E-09,-3.13E-14
009_L_index_1.bmp,9,0.000252039,9220.648072,1579.328518,24.8707674,0.033544922,0.893117841,1.777905143,0.000218987,0.000460302,8553.567354,20106.57036,373.9092225,1327.289258,0.360377452,218789884.9,692245.4317,9.420211203,0.740138876,-0.534063065,0.885628274,0.860269195,1132.690386,19.20015282,3212.364345,-0.534156966,1327.289258,-0.547637441,0.030976872,0.281521907,0.975281335,0.986721803,0.036788996,0.000307884,3.41E-06,0.000121159,2.77E-12,1.48E-08,4.41E-12
009_L_index_2.bmp,9,0.000250126,10025.07626,1612.105752,29.37963233,0.034680176,0.887555933,2.115975598,0.000214734,0.000492415,9322.749686,42144.64911,426.5374204,1698.620891,0.3343188,293566125.7,884655.925,10.91610784,0.717009191,-0.519491861,0.876716165,0.846671176,1397.188536,21.67235482,3897.248215,-0.519668038,1698.620891,-0.537215214,0.034718996,0.293854265,0.972251626,0.983940056,0.032801951,0.000227751,2.22E-06,0.000100037,8.95E-14,6.13E-09,2.71E-12
009_L_index_3.bmp,9,0.000249117,8499.222709,1532.330287,26.84710984,0.03277181,0.889216272,1.784438383,0.00022048,0.000448236,7770.971606,16719.66869,295.1537977,896.8244821,0.396945524,131390752.5,451810.3027,7.250109436,0.769509494,-0.552482645,0.901993959,0.877186531,810.9548929,16.14398277,2356.211367,-0.552555583,896.8244821,-0.565726123,0.029987125,0.280135071,0.980203293,0.990482095,0.035738263,0.000234617,1.31E-06,0.00012926,1.77E-12,9.92E-09,1.18E-12
009_L_index_4.bmp,9,0.000269513,8153.848627,1612.171489,27.00890485,0.034273275,0.891380911,1.779550686,0.000238556,0.000486933,7455.979874,14680.7196,302.527914,868.1187087,0.410716314,123420301.4,438374.0518,7.292331382,0.756724816,-0.544476837,0.897037336,0.869868042,806.5456993,16.57087608,2371.167595,-0.544558133,868.1187087,-0.559105497,0.03197459,0.287180933,0.979870011,0.990623471,0.036600703,0.000287512,2.04E-06,0.000123149,4.36E-12,1.91E-08,8.74E-13
009_L_index_5.bmp,9,0.000277396,8389.782258,1653.056338,28.2341988,0.035746257,0.885788428,1.892302556,0.000237155,0.000573224,7715.832907,21580.55161,336.5228244,1104.713671,0.378593053,181304950.6,579939.0638,8.165003602,0.740852501,-0.534514206,0.891426383,0.860680836,970.7095969,17.87872839,2789.855032,-0.534631354,1104.713671,-0.552036557,0.035678945,0.299897884,0.978224233,0.988885099,0.034450472,0.000223634,2.21E-06,0.000122155,4.71E-12,1.68E-08,2.41E-12
009_L_index_6.bmp,9,0.000270795,9310.918003,1613.012414,26.51428538,0.03449707,0.889500366,1.832344275,0.000235406,0.000516382,8581.90586,20281.08629,346.2181514,1284.337636,0.350286285,210159463.3,657364.0545,8.857897264,0.744777965,-0.536979823,0.891477809,0.862964741,1074.37985,18.43155349,3029.018777,-0.537086138,1284.337636,-0.55303876,0.033693012,0.292815785,0.976925529,0.987433154,0.034891584,0.000204468,2.65E-06,0.00013332,2.66E-12,1.30E-08,3.48E-12
010_L_index_1.bmp,10,0.000133083,11133.41784,1542.385187,38.17169769,0.034000651,0.877405633,1.903428333,0.000114908,0.000257992,10062.17937,24492.1941,447.06712,1368.013636,0.39526523,206791213.6,715058.3255,9.72936529,0.746043676,-0.537789529,0.892665237,0.863676074,1251.448812,21.36844304,3636.156124,-0.537905489,1368.013636,-0.554468664,0.034021401,0.294016808,0.974661912,0.985877164,0.026071278,0.000118102,7.39E-08,6.11E-05,8.83E-16,3.58E-10,3.36E-15
010_L_index_2.bmp,10,0.000138639,9915.086317,1561.748257,37.06562575,0.034472656,0.878238715,1.922698443,0.00011987,0.000272188,8939.503015,22462.10585,413.095784,1057.057291,0.438718205,139993556,544456.0667,8.597977076,0.74202813,-0.535259104,0.893264074,0.861355701,1052.981621,20.41170108,3148.201044,-0.535366108,1057.057291,-0.553848073,0.036991498,0.304650292,0.976708861,0.988275542,0.025596191,0.000132931,2.14E-07,5.48E-05,-2.90E-15,3.20E-10,1.64E-14
010_L_index_3.bmp,10,0.000132357,11524.26019,1621.032603,39.54702282,0.035001628,0.885468234,2.004877376,0.0001155,0.000244363,10532.61932,36313.30482,501.352779,1677.965754,0.374052629,261052812.2,869986.9002,11.46020976,0.71991237,-0.52132844,0.879116883,0.848384772,1489.369053,24.03412594,4286.346796,-0.521489703,1677.965754,-0.538930192,0.036090399,0.299213119,0.970538561,0.983056566,0.023927316,8.22E-05,1.90E-07,6.05E-05,-2.64E-14,3.42E-10,3.68E-14
010_L_index_4.bmp,10,0.000137264,11679.28247,1631.399839,39.04681923,0.035294596,0.884043854,1.971307864,0.000119406,0.000263152,10657.79292,30091.97564,493.9025498,1702.340704,0.367196179,258953349,867947.0199,11.37850168,0.728415021,-0.526695567,0.882625661,0.853390538,1490.302116,23.72774747,4266.227904,-0.526842516,1702.340704,-0.543283833,0.034811042,0.295345412,0.970989235,0.982937499,0.024897266,0.000108642,2.80E-07,5.78E-05,2.97E-14,1.20E-09,2.63E-14
010_L_index_5.bmp,10,0.000135935,11041.29576,1578.363131,36.81573818,0.034224447,0.884766278,1.892236525,0.000118525,0.000251171,10063.22769,28323.62044,475.2129614,1483.231843,0.390540496,219754543.7,765593.9468,10.59719744,0.733119788,-0.529650963,0.885497027,0.856163422,1353.101248,22.77160556,3927.017275,-0.529763263,1483.231843,-0.546374987,0.035043791,0.296593295,0.972431587,0.984490833,0.025776347,0.000118015,3.07E-07,6.47E-05,1.94E-13,3.25E-09,9.61E-14
010_L_index_6.bmp,10,0.000153748,10805.69537,1592.556735,34.75503379,0.034448242,0.884986085,1.815921865,0.000133995,0.000286674,9852.504676,20257.27548,431.5053338,1529.908076,0.360656536,225211517.6,753348.1087,10.69419189,0.727318634,-0.525985975,0.881943698,0.85277586,1326.13927,22.26303126,3775.259074,-0.526089325,1529.908076,-0.541991811,0.035043346,0.296039109,0.972246524,0.98447302,0.027478998,0.000124261,9.62E-08,7.13E-05,-1.18E-14,1.57E-10,5.04E-15
011_L_index_1.bmp,11,0.000153874,7849.004108,1702.135561,52.63547865,0.037764486,0.873613135,1.923375594,0.000133731,0.000300524,6906.470869,14823.75578,233.8170105,569.868677,0.450772499,41422514.63,222033.4928,6.25589742,0.77032906,-0.553017803,0.905122217,0.877618945,583.6953546,15.18721433,1752.869474,-0.553138934,569.868677,-0.569052153,0.031115086,0.284516474,0.981726548,0.992798503,0.028383418,0.000170534,4.06E-07,4.92E-05,8.00E-13,7.32E-09,1.45E-13
011_L_index_2.bmp,11,0.000155009,7778.341036,1778.903833,53.54383197,0.038553874,0.883876098,1.788362052,0.000136058,0.000282897,6943.276491,13859.40508,242.9191985,577.7342538,0.45682331,43377345.95,229368.2696,6.410917563,0.762048729,-0.547835682,0.901049201,0.872889042,598.6211786,15.64080873,1811.470462,-0.5479589,577.7342538,-0.563595897,0.032443339,0.289153559,0.981223867,0.992677325,0.029783329,0.000194022,1.79E-07,5.31E-05,6.87E-13,8.03E-09,1.41E-13
011_L_index_3.bmp,11,0.000159229,7834.389078,1761.475282,48.3536857,0.038968913,0.875204517,1.827363497,0.000138238,0.000301435,6932.293744,13745.04921,228.0770778,502.4528612,0.475871782,35195490.53,199218.7718,5.861428506,0.767159758,-0.551033404,0.90444748,0.875814788,539.4202247,14.89975614,1653.480685,-0.551152977,502.4528612,-0.567859887,0.033021053,0.291941539,0.982623883,0.993553996,0.028244712,0.000156765,2.19E-07,5.52E-05,1.84E-13,3.85E-09,8.13E-14
011_L_index_4.bmp,11,0.000161738,7682.761376,1769.738666,51.49501585,0.039029948,0.876215867,1.798491652,0.000140449,0.000298548,6802.236776,13472.29544,216.9464081,487.107696,0.471146788,32454156.5,187762.3574,5.685483143,0.772008222,-0.554067457,0.906999681,0.87857508,518.8569843,14.48061712,1580.921324,-0.554189253,487.107696,-0.570778145,0.032252103,0.289254456,0.983132348,0.993774653,0.028907238,0.000182353,2.76E-07,5.16E-05,4.02E-13,5.59E-09,1.20E-13
011_L_index_5.bmp,11,0.000158673,7874.460373,1706.803464,49.30597366,0.038224284,0.869505212,1.937979165,0.000136653,0.000320682,6930.112831,14681.17049,235.2417304,505.8320121,0.481921259,40398651.62,212668.2919,5.732496218,0.77139879,-0.553685386,0.908109,0.878229955,548.2902859,14.84940998,1684.043294,-0.553800448,505.8320121,-0.572239507,0.033392278,0.293727939,0.983097304,0.993613107,0.028787594,0.00017736,4.28E-07,5.39E-05,2.76E-13,4.39E-09,1.09E-13
011_L_index_6.bmp,11,0.000160949,7693.467789,1683.001445,48.53122882,0.037434896,0.870362502,1.948136649,0.000138495,0.000330746,6784.210011,14214.79729,227.6628196,473.1921292,0.490405726,33174379.21,192776.5627,5.56551258,0.772579692,-0.554422464,0.90891331,0.878903492,522.5871882,14.6018175,1613.546285,-0.554533421,473.1921292,-0.57351397,0.033297525,0.293546123,0.983470539,0.993915304,0.028870574,0.000162536,2.67E-07,5.89E-05,2.15E-13,3.69E-09,7.05E-14
012_L_index_1.bmp,12,0.000152793,11105.00098,1829.420148,31.26459642,0.039624023,0.886045288,1.695719506,0.000134396,0.000265037,10088.73576,17615.51929,489.1002043,1329.827361,0.423830185,178206794,680574.2766,10.26639427,0.699028581,-0.50805912,0.872905684,0.836029669,1304.077172,24.04476101,3889.063693,-0.5081782,1329.827361,-0.527586323,0.044509234,0.325414556,0.972582234,0.985660055,0.022534837,8.91E-05,7.08E-07,5.29E-05,3.93E-13,3.10E-09,2.58E-13
012_L_index_2.bmp,12,0.000211382,12074.51585,1892.743751,30.51635172,0.040238444,0.892679631,1.652642599,0.000185729,0.000343092,11081.95088,19912.58374,544.6167172,1558.949851,0.411317275,229694768.6,826500.2438,11.27838821,0.693585605,-0.504595712,0.868923824,0.832769622,1494.209984,25.65244895,4421.603118,-0.504712558,1558.949851,-0.523758057,0.044880312,0.325989269,0.970492939,0.983684054,0.021816754,7.96E-05,8.45E-07,5.11E-05,2.87E-13,2.44E-09,2.94E-13
012_L_index_3.bmp,12,0.000174171,12113.78657,1854.980803,29.98977934,0.040279134,0.884029682,1.690061737,0.000156454,0.000276473,11042.15181,19621.85714,519.4997792,1613.868086,0.391654837,231347024.4,821464.9228,11.43787455,0.69321386,-0.504359065,0.868560056,0.832546399,1493.543176,25.43558639,4364.744182,-0.504479688,1613.868086,-0.523726176,0.044133302,0.323594527,0.9702473,0.983340123,0.021507978,7.74E-05,6.53E-07,4.89E-05,1.91E-13,1.97E-09,1.96E-13
012_L_index_4.bmp,12,0.000168932,11218.83865,1800.902769,31.11303213,0.039591471,0.88114969,1.736800595,0.000148308,0.000296126,10200.58502,18306.76894,406.1156874,1438.362049,0.360899673,201265574.4,682261.1259,10.07169805,0.710253922,-0.515192208,0.8802571,0.842705627,1253.883311,22.3061003,3583.630365,-0.515317616,1438.362049,-0.536976125,0.041748909,0.317726248,0.973709326,0.985703006,0.023116109,9.71E-05,7.44E-07,5.41E-05,4.44E-13,3.37E-09,2.65E-14
012_L_index_5.bmp,12,0.000274477,10846.85383,1798.009723,32.2657636,0.039534505,0.880299529,1.690114473,0.000253862,0.000393771,9832.168358,17300.06558,419.909777,1305.50881,0.391468324,179885019.7,637574.4456,9.441626304,0.712080284,-0.516347225,0.882109443,0.843792858,1200.769428,22.22578685,3502.347376,-0.516466428,1305.50881,-0.537478628,0.044563346,0.327034703,0.975106252,0.986796086,0.023368321,0.000106484,3.29E-07,4.85E-05,6.36E-14,1.42E-09,2.18E-14
012_L_index_6.bmp,12,0.000180811,11153.84764,1746.069303,29.98648921,0.037963867,0.884345864,1.713947807,0.000159425,0.000319225,10156.60757,17708.11524,397.4237278,1421.044279,0.358704587,204075938.9,682277.2438,9.810013947,0.717449596,-0.519749291,0.88262152,0.846965979,1228.023838,21.66164086,3502.753814,-0.519872473,1421.044279,-0.53973137,0.040690521,0.315070394,0.974476964,0.986045198,0.02448065,0.000108767,7.90E-07,6.22E-05,7.09E-13,4.81E-09,1.23E-13
013_L_index_1.bmp,13,0.000269374,9773.281592,1711.916408,30.7601996,0.036971029,0.886111097,1.807043325,0.000243848,0.000435895,8912.688026,19449.07483,338.914691,1170.592555,0.366710994,180119021.4,584041.2139,8.490725943,0.732008241,-0.528945164,0.887327363,0.855521656,1016.410951,18.77664778,2898.952885,-0.529062686,1170.592555,-0.546095366,0.037248702,0.304615229,0.977449151,0.988417298,0.026431936,0.000108278,1.41E-06,8.01E-05,1.42E-12,6.79E-09,5.26E-13
013_L_index_2.bmp,13,0.000220555,9655.897115,1695.424186,30.53174985,0.036629232,0.884860797,1.739093981,0.00019453,0.000382085,8788.463931,18136.04859,363.9934495,1042.981433,0.411068329,164655256.2,556396.8702,8.055751728,0.730309691,-0.527873666,0.888206662,0.854528274,977.2259001,18.94297177,2878.071543,-0.527995783,1042.981433,-0.546394524,0.039703183,0.3131281,0.978224481,0.989300332,0.027251007,0.000121179,1.94E-06,8.59E-05,3.93E-12,1.18E-08,5.92E-13
013_L_index_3.bmp,13,0.000426976,9584.846083,1713.62913,31.19866271,0.037414551,0.879673807,1.872790015,0.000398546,0.000601665,8741.530255,22676.26132,333.6722557,1137.585101,0.369735703,171205833.4,560364.5027,8.652425073,0.72134433,-0.522217966,0.883149696,0.849254385,994.8888328,18.9847794,2852.799659,-0.522358238,1137.585101,-0.54112131,0.037715498,0.305235838,0.976696204,0.988463513,0.026766544,0.000125805,1.37E-06,7.51E-05,1.33E-12,6.89E-09,4.38E-13
013_L_index_4.bmp,13,0.00033211,8304.442278,1730.654182,34.01490131,0.037569173,0.882249993,1.810231325,0.000288151,0.00064119,7564.05181,16674.53488,289.5534651,868.811423,0.399960965,126781854,433119.4817,7.312864443,0.713617302,-0.517329324,0.881378182,0.844689773,800.4913506,17.18939592,2340.556059,-0.517493421,868.811423,-0.537477993,0.04099168,0.315646892,0.979619957,0.990966445,0.027447182,0.000119185,3.68E-06,9.46E-05,9.06E-12,1.70E-08,1.09E-12
013_L_index_5.bmp,13,0.000363024,8134.221722,1680.983689,32.28184867,0.036336263,0.883047382,1.960910325,0.000319152,0.000652286,7407.589883,27749.93384,258.3324217,850.2512554,0.377980327,119500921.6,401553.3056,7.328427486,0.718809774,-0.520619334,0.882175346,0.847753551,753.2693384,16.46037331,2171.938152,-0.520793399,850.2512554,-0.539734866,0.037543686,0.3043231,0.979441008,0.991086996,0.028033379,0.00012223,3.13E-06,9.54E-05,5.88E-12,1.36E-08,2.37E-13
013_L_index_6.bmp,13,0.000268033,8710.024571,1636.998382,29.16929427,0.036088053,0.877735009,1.878777496,0.00022903,0.000536871,7904.720998,18548.37586,289.6500503,896.1106065,0.392640113,128411881.6,438161.0149,7.342609935,0.724442313,-0.524168868,0.887415158,0.851088164,815.0780042,17.23122441,2369.96505,-0.524309124,896.1106065,-0.544548027,0.04028119,0.314451081,0.979731719,0.99071125,0.02762696,0.000113509,3.87E-06,9.83E-05,9.12E-12,1.64E-08,5.85E-13
014_L_index_1.bmp,14,8.54E-05,15750.74396,1458.613531,29.11935142,0.033129883,0.864732872,2.013835187,7.22E-05,0.000179701,14052.99006,31998.24592,561.1344207,1641.747818,0.406029059,255278076.6,912211.1158,10.57561688,0.768279733,-0.551729918,0.90571353,0.876460165,1518.553722,23.13861727,4447.520436,-0.551825275,1641.747818,-0.57068728,0.0310551,0.284452846,0.973676133,0.983179195,0.019540767,5.17E-05,2.36E-07,4.14E-05,8.49E-16,1.71E-10,1.56E-14
014_L_index_2.bmp,14,8.63E-05,15835.29882,1468.74593,29.74761354,0.033247884,0.867023819,2.055434979,7.34E-05,0.000178273,14150.4133,36533.09603,566.0348812,1700.515035,0.399659749,269928137,944996.146,10.91639433,0.765809464,-0.550188643,0.903775721,0.875043108,1554.404336,23.40807646,4538.657744,-0.550293747,1700.515035,-0.568666441,0.030705568,0.282827854,0.972861571,0.982610496,0.019800002,5.47E-05,2.08E-07,4.15E-05,-3.66E-16,1.29E-10,1.27E-14
014_L_index_3.bmp,14,0.00010341,14058.63024,1469.687383,31.37445781,0.032926432,0.86926563,1.983505641,8.88E-05,0.000204383,12572.39973,29879.51644,491.3308556,1535.711157,0.390197133,237130811.2,826217.5206,10.03711422,0.777975835,-0.557787484,0.907760186,0.881975456,1373.487253,21.31901029,3979.632932,-0.557885013,1535.711157,-0.573890176,0.028243164,0.273425219,0.974815464,0.984312513,0.021685658,6.10E-05,3.58E-07,5.27E-05,1.69E-15,2.87E-10,3.58E-14
014_L_index_4.bmp,14,0.000103668,14161.03411,1450.716946,30.6103322,0.033085124,0.865010197,1.997486627,8.84E-05,0.000205158,12639.41118,32241.04482,521.5639712,1600.691601,0.394553417,248931172.4,868681.8159,10.40683478,0.767210366,-0.551063196,0.904017117,0.875846426,1448.100762,22.4201441,4214.628581,-0.551168408,1600.691601,-0.568694385,0.030890038,0.28371385,0.9739334,0.98370019,0.021407718,5.93E-05,2.95E-07,5.08E-05,-1.13E-14,-8.09E-12,3.26E-14
014_L_index_5.bmp,14,9.96E-05,14339.44059,1417.378453,32.21145802,0.032832845,0.857781242,2.066534669,8.35E-05,0.00021166,12755.45921,32321.41923,512.6098444,1597.94298,0.390833832,248006231,860027.3838,10.34271142,0.766060262,-0.550345905,0.90477356,0.875185954,1437.96116,22.32629841,4171.727499,-0.550465354,1597.94298,-0.569762016,0.031081331,0.284343462,0.974109444,0.983830233,0.020847477,5.73E-05,3.69E-07,4.87E-05,-2.15E-15,2.95E-10,5.05E-14
014_L_index_6.bmp,14,0.000101287,14035.41886,1474.556322,30.90836012,0.033524577,0.866055713,2.007973366,8.58E-05,0.000211254,12566.47212,30420.048,503.3360696,1561.225461,0.392022035,236933030.6,832612.7944,10.2363269,0.767952105,-0.551526277,0.904856086,0.876271243,1406.697082,22.07354159,4086.467843,-0.55163172,1561.225461,-0.569653172,0.030777674,0.283296995,0.974277947,0.984044543,0.02114362,5.84E-05,3.30E-07,5.01E-05,-3.99E-15,2.39E-10,3.84E-14
015_L_index_1.bmp,15,0.000306701,8648.450174,1590.72427,38.20374187,0.037158203,0.852783937,2.002208488,0.000278758,0.000491611,7643.999557,16801.12106,286.437316,1027.250951,0.358023074,132912215.5,460582.7072,7.91903848,0.754157379,-0.542875554,0.898289719,0.868376541,879.0379218,17.32924568,2492.407921,-0.542960335,1027.250951,-0.560770186,0.032471486,0.288769943,0.978626507,0.989465134,0.026770768,0.000157547,2.18E-07,5.80E-05,1.76E-13,3.05E-09,-1.65E-14
015_L_index_2.bmp,15,0.000185012,8730.034756,1614.774997,38.58198918,0.037577311,0.854615771,1.986373251,0.000156199,0.000376538,7779.494463,16218.95922,288.3359228,1047.459361,0.355070953,133084175.6,464378.799,8.038441354,0.750604668,-0.540647865,0.8977394,0.866324456,893.9649134,17.56924036,2528.76476,-0.540738615,1047.459361,-0.560254589,0.032829561,0.289838859,0.97833589,0.989275198,0.026577634,0.000156983,2.16E-07,5.75E-05,2.61E-13,3.82E-09,-1.02E-14
015_L_index_3.bmp,15,0.000189005,9337.177595,1701.632063,40.52691352,0.038952637,0.860123444,1.944314048,0.000163861,0.000354256,8335.11135,16884.16566,335.053138,1197.879858,0.358734603,159789434.1,551591.2078,8.924633636,0.739370304,-0.53358326,0.891496316,0.859815966,1029.923917,19.22827375,2928.621413,-0.533675463,1197.879858,-0.552641554,0.034132309,0.293849383,0.976222999,0.987769563,0.025443399,0.00014513,2.67E-07,5.32E-05,2.75E-13,3.59E-09,-6.20E-15
015_L_index_4.bmp,15,0.000184222,9340.952521,1628.987765,40.84179592,0.037422689,0.858167655,1.989700496,0.00016042,0.000349168,8283.991316,16982.21272,337.9886437,1145.476857,0.371122637,149028014.2,526586.6311,8.70838975,0.737943914,-0.53268629,0.891307826,0.858984003,1007.761317,19.33460375,2892.137956,-0.532779019,1145.476857,-0.551527,0.035729588,0.299687253,0.976661529,0.98818648,0.025783632,0.000152334,1.36E-07,5.22E-05,1.65E-13,3.12E-09,9.79E-15
015_L_index_5.bmp,15,0.000178596,9666.959201,1628.328902,40.29888276,0.037674967,0.856895398,1.94982527,0.000154319,0.000337203,8582.123177,17510.75324,347.4094762,1187.620054,0.369110809,164144184.4,565507.7142,8.694926634,0.746858823,-0.538294929,0.89579668,0.864158915,1037.358887,19.11822023,2963.628922,-0.538382745,1187.620054,-0.557520321,0.034186805,0.294710877,0.976972113,0.987950443,0.025708495,0.000155711,3.52E-07,5.17E-05,2.23E-13,3.17E-09,-1.30E-14
015_L_index_6.bmp,15,0.000185304,9149.54885,1809.394818,40.88255296,0.042325846,0.851684858,2.185739124,0.00015623,0.000388854,8128.121161,28159.00169,322.2502508,1136.461547,0.361899564,178714145.2,561262.9055,8.405884295,0.723605773,-0.523658564,0.88860579,0.850567125,986.912391,18.80179139,2798.905926,-0.523804461,1136.461547,-0.547615237,0.039191301,0.310389496,0.977460343,0.988850932,0.022460037,8.34E-05,1.93E-07,5.22E-05,1.92E-13,2.47E-09,-3.55E-14
016_L_index_1.bmp,16,0.000124437,12842.16154,1837.597955,45.0978681,0.043164063,0.853329133,2.200317228,0.000105809,0.000257333,11199.97405,34402.37522,377.1858581,1085.634133,0.409995869,150532759,553479.0291,8.103076266,0.780358388,-0.559269932,0.91068668,0.883331553,1011.169447,18.32599872,2951.017093,-0.559351529,1085.634133,-0.576526342,0.029898952,0.280567066,0.978653966,0.988340671,0.018581803,4.30E-05,4.44E-08,3.80E-05,-2.24E-15,5.56E-11,-5.34E-16
016_L_index_2.bmp,16,0.000131234,12622.745,1724.38413,40.78634627,0.041544596,0.842117058,2.207548951,0.000111447,0.000268142,10854.86959,30804.66666,356.6934715,956.1973653,0.427304014,126198462.2,486014.9055,7.511379044,0.784334799,-0.561745876,0.914331165,0.885584771,919.8024314,17.53549305,2710.462926,-0.561816701,956.1973653,-0.580544686,0.029818842,0.280557255,0.979915476,0.98944463,0.019104785,5.06E-05,1.13E-09,3.87E-05,-6.76E-15,1.92E-10,1.89E-16
016_L_index_3.bmp,16,0.000117916,13584.59179,1785.196159,42.0323904,0.042232259,0.848739532,2.40677536,0.000100158,0.000245654,11882.58558,47049.518,372.9465429,1188.871502,0.385532162,174019295.6,601798.3341,8.346199673,0.784904222,-0.562110176,0.913360513,0.88589198,1058.198698,18.28568249,3035.884394,-0.562204048,1188.871502,-0.580609113,0.028518385,0.275052732,0.978407584,0.987696643,0.018692289,3.99E-05,1.18E-07,4.22E-05,-4.82E-15,2.85E-10,-1.51E-14
016_L_index_4.bmp,16,0.000110242,12846.59516,1908.138363,34.59945548,0.044238281,0.856442566,2.094322676,9.28E-05,0.000235164,11235.59191,28144.06861,331.0153771,911.8050272,0.420667248,102635181.8,418364.2546,8.004891304,0.750509258,-0.540591673,0.899165899,0.866263587,879.595192,18.43709239,2596.002189,-0.540690818,911.8050272,-0.561708159,0.03326874,0.291488374,0.97783304,0.989583382,0.017612251,5.25E-05,3.69E-08,2.72E-05,-1.75E-16,-4.58E-11,-2.51E-16
016_L_index_5.bmp,16,0.000101429,14068.03104,1814.972077,31.17217605,0.042423503,0.853343165,2.075971149,8.42E-05,0.000223115,12368.15375,29960.99207,326.5874791,899.1469706,0.420778607,103675413.4,417589.6179,7.523898769,0.767221834,-0.551065802,0.908333688,0.87586008,859.3577044,17.78677868,2541.770363,-0.551151592,899.1469706,-0.572619798,0.032741248,0.291028581,0.979439021,0.989947809,0.018611749,5.60E-05,4.21E-08,3.05E-05,-2.15E-15,-9.35E-11,-7.03E-16
016_L_index_6.bmp,16,0.000106342,13817.83574,1826.851146,31.52414495,0.041967773,0.858589057,2.110115234,8.92E-05,0.000232327,12191.4811,30910.22325,322.3105369,957.6740164,0.402322863,116474662.8,442984.2095,7.81902671,0.763869275,-0.548969491,0.905668426,0.873940978,887.2859742,17.89399674,2587.046296,-0.549062747,957.6740164,-0.569799833,0.032408451,0.289306401,0.978745603,0.989490578,0.019053281,4.95E-05,6.16E-08,3.68E-05,-9.96E-17,-8.24E-11,7.02E-16
017_L_index_1.bmp,17,8.99E-05,14316.95482,1797.095929,41.36212647,0.04206543,0.853995078,2.11526759,7.61E-05,0.000189829,12518.16962,32927.82937,583.26138,1712.587947,0.405179914,238058764.6,885101.4675,12.16513102,0.703019042,-0.510623133,0.87801471,0.838366096,1630.759021,26.84162368,4793.752177,-0.51078648,1712.587947,-0.536374252,0.040044149,0.311107284,0.968556321,0.981829939,0.018155975,5.31E-05,3.17E-07,3.44E-05,6.98E-14,9.95E-10,2.36E-14
017_L_index_2.bmp,17,8.97E-05,14451.50161,1771.304978,38.91740103,0.040934245,0.858014324,2.079391379,7.60E-05,0.00018497,12741.05667,34053.61554,589.4212232,1695.213558,0.410181632,244471515.5,898399.5257,11.88396277,0.709123652,-0.514492217,0.880471511,0.842007465,1624.788121,26.50543593,4782.941182,-0.514642451,1695.213558,-0.538746314,0.039930182,0.311414218,0.969398467,0.982174711,0.018931967,6.26E-05,3.64E-07,3.57E-05,9.45E-14,1.28E-09,2.59E-14
017_L_index_3.bmp,17,0.000138022,10805.29206,1735.533204,41.14502967,0.039685059,0.861595984,2.090901198,0.000117075,0.000292164,9635.692713,26985.18896,475.7013481,1444.603574,0.397092261,225374769.2,761637.481,10.58822436,0.70752548,-0.513474598,0.878913312,0.841064305,1344.876761,23.436659,3920.985548,-0.513609172,1444.603574,-0.537163663,0.040623603,0.313541525,0.972066886,0.985073696,0.02317995,8.93E-05,6.99E-07,5.64E-05,3.74E-13,3.28E-09,1.63E-13
017_L_index_4.bmp,17,0.000139614,10678.93263,1701.496573,40.37641844,0.039217122,0.859644022,2.033648474,0.000118199,0.00028873,9502.190328,24468.70577,433.7794261,1428.57006,0.377844435,206561667.4,707156.4668,10.39745329,0.715330318,-0.518413059,0.881319415,0.845705178,1282.935426,22.55669911,3696.129939,-0.518533368,1428.57006,-0.540226875,0.038564068,0.30745239,0.972626364,0.985298058,0.023525014,9.10E-05,6.42E-07,5.79E-05,3.14E-13,3.02E-09,1.35E-13
017_L_index_5.bmp,17,0.000138339,10462.70422,1694.669615,40.88887616,0.038920085,0.858987155,2.047559988,0.000117136,0.000286347,9284.356476,24746.22965,438.2819105,1344.540518,0.394663221,192168165.2,674515.5742,10.05682488,0.713560516,-0.517300232,0.882639558,0.844644992,1245.401587,22.52142508,3628.430106,-0.517436038,1344.540518,-0.541478543,0.040127687,0.312565279,0.973297972,0.985976299,0.023742515,9.80E-05,5.60E-07,5.82E-05,4.42E-13,3.77E-09,2.26E-13
017_L_index_6.bmp,17,0.000135882,10630.21572,1748.91312,41.26422841,0.039339193,0.867327192,2.038886336,0.000116388,0.000269098,9492.830058,28246.71162,428.4862075,1416.327779,0.376993829,203172064.6,697819.9224,10.3511867,0.719275332,-0.52091861,0.882642856,0.848020456,1272.438279,22.28847969,3650.491828,-0.521055573,1416.327779,-0.542304604,0.03658582,0.300702076,0.972711342,0.985403207,0.023846912,0.000105437,4.02E-07,5.56E-05,4.54E-13,4.01E-09,1.18E-13
018_L_index_1.bmp,18,0.000215585,6622.125338,1770.863949,75.47017439,0.041398112,0.848258845,2.183051167,0.000179283,0.000496453,5845.573592,13972.84029,316.9576947,882.0224981,0.418171101,106078704.2,418624.3953,7.766486137,0.749068478,-0.539694073,0.893531631,0.865419988,839.3178533,17.69359289,2482.303483,-0.53982252,882.0224981,-0.557329683,0.032962444,0.290156842,0.978375235,0.990092132,0.029573881,0.000166878,1.14E-07,7.18E-05,-4.04E-14,-1.75E-09,-3.59E-14
018_L_index_2.bmp,18,0.000218319,6528.963382,1745.889001,72.92387543,0.041853841,0.837921815,2.271247884,0.00017883,0.000524578,5715.058342,13826.05486,350.3365435,821.2236206,0.460399318,109318797.3,437218.3382,7.4363131,0.75260046,-0.541908268,0.897228777,0.867464264,843.4315855,17.82796423,2560.016845,-0.542020553,821.2236206,-0.561612147,0.034111506,0.294915889,0.979187738,0.990557939,0.029770302,0.000166235,9.58E-09,7.38E-05,-4.33E-15,-1.33E-10,-1.93E-15
018_L_index_3.bmp,18,0.000224496,6617.433849,1707.251479,74.58158845,0.041149902,0.835367037,2.332196463,0.000182895,0.000562013,5789.905948,14315.53468,350.6058387,901.5442505,0.437507303,119321606.3,463500.6958,7.829766975,0.747317744,-0.538593152,0.893538116,0.864409127,887.3684752,18.22286278,2655.957501,-0.538718622,901.5442505,-0.557134528,0.033870739,0.293519992,0.978288713,0.989910713,0.030717402,0.000168013,2.05E-07,8.08E-05,-1.40E-14,7.23E-10,-9.20E-15
018_L_index_4.bmp,18,0.000225986,6929.445786,1631.267961,75.59908584,0.04000651,0.829545724,2.371961508,0.000181808,0.00058011,6096.513923,15348.03968,348.2561001,1021.437641,0.40543462,142143288.1,514513.9052,8.326206957,0.747134842,-0.538483446,0.892695701,0.864295102,946.4327503,18.41666521,2773.759184,-0.538619757,1021.437641,-0.557403638,0.032437879,0.287917243,0.977284271,0.988955325,0.02957695,0.00013727,6.18E-08,8.39E-05,-4.53E-16,-1.08E-09,3.13E-15
018_L_index_5.bmp,18,0.000230295,6514.940175,1687.030335,75.6641279,0.040848796,0.833785378,2.320891473,0.000187529,0.000569264,5707.801674,14226.93735,350.720562,903.8198276,0.436969515,123982612.2,468491.7781,7.868746817,0.744711707,-0.536955194,0.892938695,0.862899686,890.3865424,18.33388351,2662.804259,-0.53707844,903.8198276,-0.557014692,0.035002044,0.297510084,0.978173137,0.989855845,0.029760616,0.000132263,1.76E-07,8.23E-05,-1.08E-14,-2.51E-10,7.99E-15
018_L_index_6.bmp,18,0.000231366,6796.42429,1677.910692,77.59805787,0.041402181,0.828442055,2.425026899,0.000186318,0.000599853,5978.026873,16284.46934,369.0215908,974.9927238,0.430845258,150871768,533297.647,8.004919584,0.748776836,-0.539515167,0.894574833,0.865244689,945.4790152,18.43140965,2810.966758,-0.539649786,974.9927238,-0.559108763,0.033975971,0.293973935,0.978110082,0.989435328,0.029513558,0.000152902,4.26E-08,7.77E-05,-2.15E-14,-5.26E-10,6.54E-15
019_L_index_1.bmp,19,0.000149765,10538.11355,1618.630099,27.77271985,0.035457357,0.878590022,1.798713817,0.000128676,0.000286979,9506.000093,18231.65783,317.2715289,913.0839053,0.410021524,111966545.9,430062.8635,7.62431842,0.758912638,-0.545855014,0.900857728,0.871114781,856.2951698,17.5664207,2510.207046,-0.545943802,913.0839053,-0.563779063,0.032345178,0.288574915,0.979080062,0.989997876,0.026235681,0.000179152,1.55E-06,5.50E-05,2.59E-12,1.15E-08,2.78E-13
019_L_index_2.bmp,19,0.00014753,10911.48767,1627.434683,27.70181339,0.03511556,0.88358721,1.793058162,0.000128249,0.000280364,9870.954657,18955.77891,328.5401988,1014.35337,0.393142419,128806897.9,477308.74,8.079847909,0.75654811,-0.544373704,0.899528901,0.86975458,925.3104189,18.10860698,2676.413268,-0.544468667,1014.35337,-0.562439541,0.032635058,0.289442495,0.978132671,0.989110899,0.026059648,0.000160771,1.54E-06,5.97E-05,2.93E-12,1.14E-08,1.57E-13
019_L_index_3.bmp,19,0.000153959,10486.45269,1571.180666,27.02735009,0.034472656,0.877545073,1.81376762,0.000132826,0.000298401,9425.746783,18293.61356,297.9391347,918.9874169,0.393371036,108465918,414885.5032,7.631794252,0.759876596,-0.546460078,0.900864927,0.871666523,838.259163,17.23068957,2426.741828,-0.546547888,918.9874169,-0.563925484,0.031619893,0.285677477,0.979080211,0.98998268,0.025853626,0.000152634,1.49E-06,6.01E-05,2.71E-12,1.10E-08,8.59E-14
019_L_index_4.bmp,19,0.000168976,10105.91205,1593.386295,27.06094299,0.034956868,0.878665257,1.797365877,0.000145963,0.000318412,9094.529367,17733.96658,297.7433271,888.8155992,0.401205125,111143748,413973.4054,7.539233832,0.753829958,-0.542668539,0.898869079,0.86819039,822.2184462,17.17839433,2393.803986,-0.542758088,888.8155992,-0.561112746,0.033142809,0.291245051,0.979178909,0.990285792,0.026858291,0.000178405,2.21E-06,6.29E-05,5.00E-12,1.58E-08,6.63E-13
019_L_index_5.bmp,19,0.000165819,11764.92355,1623.188611,29.00307586,0.035477702,0.878890291,1.989522067,0.000143725,0.000311151,10679.22074,34060.22491,302.7760964,1111.326772,0.352707959,147501598.3,500933.681,8.483086561,0.741173351,-0.534727326,0.894207639,0.860849628,945.2025036,18.27679912,2676.304249,-0.534863827,1111.326772,-0.555355291,0.03435104,0.294817713,0.97723632,0.988502793,0.023981738,9.73E-05,1.44E-06,6.14E-05,4.74E-13,2.84E-09,2.18E-13
019_L_index_6.bmp,19,0.000174104,11034.96605,1597.739619,26.65055565,0.035233561,0.875632809,1.907762229,0.000150342,0.000329931,9942.017789,24390.78773,284.1975294,844.5177053,0.402290033,101103106.8,382629.4768,7.443993249,0.743420884,-0.536132663,0.895944593,0.862168079,782.9420679,17.13363747,2293.527132,-0.536246758,844.5177053,-0.556991758,0.034849408,0.296938975,0.979216585,0.990629388,0.025471243,0.000137131,1.45E-06,5.99E-05,7.07E-13,4.43E-09,1.49E-13
020_L_index_1.bmp,20,0.00030372,6720.997695,1686.067715,35.96002459,0.03861084,0.860514117,2.017008176,0.00025632,0.00063718,5958.312076,15466.40544,286.1563128,747.9094837,0.433503946,104785553.5,381559.2203,6.827267391,0.749229826,-0.539779358,0.895889658,0.865538271,729.073,16.16089424,2171.443604,-0.539873641,747.9094837,-0.558080487,0.034665768,0.296844395,0.980720338,0.991650267,0.031374076,0.000132657,1.04E-06,0.000114881,8.50E-13,5.48E-09,2.39E-13
020_L_index_2.bmp,20,0.000325216,6667.494736,1686.606106,36.13683391,0.039335124,0.85272368,2.10014058,0.000268856,0.000708142,5901.865739,17040.10737,289.6591588,792.1601003,0.42241141,113979021.2,403258.6088,7.073096014,0.739063982,-0.533389023,0.891228191,0.859639926,758.1318497,16.54658192,2242.517677,-0.533504211,792.1601003,-0.552187295,0.036466604,0.302532212,0.980099596,0.991323915,0.031831206,0.000155333,1.17E-06,0.000109385,6.48E-13,4.94E-09,3.39E-13
020_L_index_3.bmp,20,0.000349519,6549.61689,1741.774349,36.43211008,0.039188639,0.866179736,1.992191559,0.000289885,0.000795957,5853.590693,13991.46837,248.1574626,759.4876006,0.395227238,99198787.91,353363.3755,6.852077295,0.745147411,-0.537216297,0.893614334,0.863172303,693.0043986,15.57111111,2011.59017,-0.537328066,759.4876006,-0.555326808,0.034593154,0.296157163,0.980666713,0.991650098,0.032901356,0.000161241,1.48E-06,0.000123432,2.27E-12,1.01E-08,3.35E-13
020_L_index_4.bmp,20,0.000353899,6360.882432,1657.397088,37.77480573,0.039152018,0.847363259,2.11015457,0.000292088,0.000784687,5599.258884,15926.00681,279.963214,717.5188312,0.438326872,104911396.1,373759.966,6.445526666,0.745498143,-0.53743565,0.896891183,0.863377297,706.3417394,15.92557857,2108.397017,-0.537541069,717.5188312,-0.557958034,0.038455214,0.310287117,0.981820614,0.992150402,0.032217388,0.000156216,1.08E-06,0.000114962,1.34E-12,7.80E-09,1.13E-13
020_L_index_5.bmp,20,0.000355452,5934.365267,1650.694984,38.08254654,0.038761393,0.850116411,2.091181077,0.000293624,0.000794009,5195.368194,12342.87811,227.2092042,648.86177,0.411892063,75006492.36,287962.5512,6.222424126,0.750493442,-0.540574973,0.898189613,0.866264983,611.3649049,14.8729597,1795.270502,-0.540682971,648.86177,-0.56022272,0.035461769,0.299939361,0.982164794,0.992699485,0.03271894,0.000156284,8.83E-07,0.00011827,8.65E-13,6.22E-09,-8.58E-14
020_L_index_6.bmp,20,0.000380606,5664.403954,1690.202334,37.36274623,0.039058431,0.856486618,1.988536747,0.00031585,0.00081211,4975.105138,11497.99855,213.882673,591.1300551,0.419838632,61708619,250889.0092,5.97874746,0.746372515,-0.537986252,0.897177131,0.863882152,565.4124888,14.57827555,1675.16151,-0.538095674,591.1300551,-0.558521005,0.035895789,0.301184771,0.982632174,0.993227943,0.033186233,0.000188997,1.06E-06,0.000111565,1.20E-12,7.92E-09,2.70E-14
021_L_index_1.bmp,21,0.000159907,12249.23902,1689.125896,37.01896682,0.035925293,0.888901985,1.861126204,0.000144278,0.000267639,11129.88591,27941.82042,338.6747486,1244.373589,0.352471824,177769718.9,591546.1379,8.853391357,0.765023166,-0.549695798,0.900722434,0.874594838,1049.602718,18.49876951,2961.917646,-0.549807595,1244.373589,-0.565206366,0.030026869,0.279789732,0.976860231,0.987332988,0.024546935,7.15E-05,1.60E-07,6.33E-05,-7.40E-16,-1.04E-10,-2.80E-15
021_L_index_2.bmp,21,0.00012911,11982.08024,1721.110145,38.0363316,0.036673991,0.888075005,2.019225851,0.000113092,0.000240076,10902.28012,37222.08517,363.7951207,1300.262609,0.358800973,183557766.6,619375.6402,9.38382911,0.748818824,-0.539542052,0.893591532,0.865268087,1115.023569,19.72502754,3166.09605,-0.53967788,1300.262609,-0.555952796,0.032517365,0.288446636,0.97536502,0.986664267,0.023850217,7.00E-05,3.59E-08,5.76E-05,-6.45E-16,1.53E-10,-2.03E-15
021_L_index_3.bmp,21,0.000330256,12579.69103,1971.486069,29.95684254,0.042793783,0.882148726,1.850851156,0.000277226,0.000691941,11360.0897,27003.31306,348.628494,1070.104091,0.394525569,149952167.7,532591.674,8.191688173,0.760990948,-0.547163928,0.901828294,0.872296876,970.1582757,18.08578802,2811.7919,-0.547258098,1070.104091,-0.566133983,0.032257519,0.288477546,0.978143865,0.988593044,0.021309808,8.09E-05,3.56E-08,3.91E-05,3.21E-16,-7.16E-11,-1.14E-16
021_L_index_4.bmp,21,0.000356768,12969.7816,1922.103914,29.17146853,0.041495768,0.882839706,2.030553471,0.000303688,0.000760333,11702.28615,39507.23146,347.0333178,1140.51597,0.378328441,166090963.6,566405.7145,8.33365012,0.764600359,-0.549426854,0.903090748,0.874359622,1002.8433,18.0630355,2875.065103,-0.549526944,1140.51597,-0.567921614,0.031480444,0.285716244,0.978061763,0.988161945,0.02125125,7.08E-05,5.55E-08,4.03E-05,-5.69E-16,2.04E-10,5.27E-16
021_L_index_5.bmp,21,0.000489271,13455.92457,1746.467138,24.34256162,0.037699382,0.883013011,1.781276487,0.00041638,0.001228263,12208.98612,22443.46965,343.945054,1003.557135,0.406691335,118834367.3,476926.7756,7.988115252,0.771130199,-0.55349358,0.904797594,0.878113442,928.4314584,17.76637871,2714.952384,-0.553552012,1003.557135,-0.569494916,0.029818224,0.27956417,0.978574064,0.988788432,0.022206849,9.48E-05,4.09E-09,4.02E-05,-1.45E-16,9.41E-11,-7.50E-17
021_L_index_6.bmp,21,0.00036714,13694.71833,1730.557804,24.16704712,0.037194824,0.886792432,1.714298162,0.000297199,0.000961806,12479.17946,21349.14942,324.2373066,948.1338267,0.406163806,106599110.7,438734.9924,7.765879801,0.777824983,-0.557674108,0.907223309,0.881919102,876.3193362,17.15717749,2558.893449,-0.557728984,948.1338267,-0.572869046,0.028370218,0.27391508,0.979026931,0.98919584,0.022046925,8.50E-05,4.80E-08,3.92E-05,-2.24E-16,1.10E-10,1.18E-15
022_L_index_1.bmp,22,0.000224731,7866.077583,1883.798014,45.1905118,0.041149902,0.881008989,1.807800969,0.000195732,0.000401407,7090.277795,17548.36168,331.94389,811.01318,0.450137634,107039725,417713.1901,7.045847298,0.761432132,-0.547436762,0.90243654,0.872555259,817.340493,17.22058179,2454.478597,-0.547547371,811.01318,-0.565413668,0.03464228,0.297841481,0.980482711,0.990882794,0.029043262,0.000120115,5.05E-08,7.94E-05,-2.82E-15,2.10E-10,-3.50E-15
022_L_index_2.bmp,22,0.000232565,7111.429267,1865.657353,44.58210549,0.040922038,0.880126265,1.709087788,0.000203982,0.000398159,6342.84642,12138.64071,275.5718479,615.3102606,0.472517733,60567525.26,286870.2816,6.328643086,0.766632013,-0.550690035,0.903332588,0.875533581,650.3454335,15.66618279,1980.570099,-0.550793282,615.3102606,-0.56673796,0.032199632,0.288775893,0.981763134,0.99245147,0.031369199,0.000161983,8.99E-08,8.01E-05,1.38E-13,3.14E-09,5.89E-15
022_L_index_3.bmp,22,0.000224208,8068.017419,1892.252001,45.21424571,0.041121419,0.883753025,1.837942422,0.000196018,0.00040515,7312.043175,17832.43271,319.6307487,846.7163455,0.430212509,110407825.2,422419.8885,7.206088993,0.764625549,-0.549436958,0.902992018,0.874382777,821.4026055,16.97155836,2432.206412,-0.549536728,846.7163455,-0.566959338,0.032816589,0.291023193,0.980151255,0.990565432,0.029328725,0.000113171,2.24E-07,7.93E-05,1.30E-13,2.45E-09,-2.61E-14
022_L_index_4.bmp,22,0.000168724,9190.928474,2034.101042,49.71423992,0.046622721,0.862946748,1.900919295,0.000144752,0.000318918,8122.97738,18110.37104,382.9460388,818.9706587,0.483271384,79913385.72,390899.196,8.066518697,0.713421637,-0.5172031,0.886108441,0.844577677,904.3996088,20.52420523,2793.478572,-0.517317433,818.9706587,-0.543670191,0.042524612,0.320515221,0.977068583,0.989990708,0.022579966,8.49E-05,3.87E-08,4.23E-05,2.39E-15,2.65E-10,-1.01E-15
022_L_index_5.bmp,22,0.000176039,9083.574048,2014.906382,49.58265705,0.046289063,0.862676023,1.938492584,0.000151175,0.000339838,7986.88541,17423.38474,392.5916644,766.1166609,0.506160004,78883305.4,390190.454,7.662056023,0.720427248,-0.521631656,0.888255875,0.848724543,882.8340687,20.14093279,2763.408743,-0.521740945,766.1166609,-0.545706653,0.042901295,0.322536908,0.978153,0.990532482,0.02363695,1.00E-04,2.71E-08,4.42E-05,1.87E-15,2.98E-10,-9.24E-16
022_L_index_6.bmp,22,0.00019415,9208.315636,1855.152018,38.82413758,0.040596517,0.880474167,1.904872534,0.000168101,0.000359832,8327.004976,24092.26939,402.5890212,1003.085482,0.445284037,144985057.9,546482.9819,7.924427849,0.760231389,-0.546682741,0.902099202,0.871869499,999.0626313,18.96724686,2994.227238,-0.546771128,1003.085482,-0.565025584,0.034399134,0.296858521,0.978704955,0.989034941,0.027563738,0.000117792,3.58E-08,6.86E-05,-3.16E-15,-2.30E-10,-7.03E-15
023_L_index_1.bmp,23,0.000517616,8787.304194,1551.771245,23.09149528,0.033772786,0.875787914,1.944122482,0.000429216,0.001336237,8054.314438,15439.74753,198.1668125,704.4150411,0.360095052,96444148.53,325322.3747,5.664617406,0.794804147,-0.568251261,0.916127149,0.891494253,598.2759808,12.68601642,1672.722737,-0.568306387,704.4150411,-0.583661983,0.026725615,0.267804482,0.984457632,0.992733512,0.031468965,0.000130036,7.89E-08,9.54E-05,4.87E-14,1.93E-09,1.39E-14
023_L_index_2.bmp,23,0.0004911,9362.698282,1430.035466,23.05861691,0.030615234,0.880994778,1.870327539,0.000408706,0.001101789,8660.640543,18425.22581,218.2598419,886.8179672,0.329880756,144728622.9,442371.1603,6.120018206,0.824966889,-0.586942096,0.926090277,0.908258186,707.0907809,12.47276193,1930.387867,-0.586986804,886.8179672,-0.597827147,0.020095014,0.237075575,0.98408351,0.991244956,0.034084714,0.000126651,5.52E-08,0.000123635,7.50E-14,2.74E-09,-2.47E-14
023_L_index_3.bmp,23,0.000620408,9227.402443,1459.598063,26.34368391,0.031526693,0.877095185,2.434114642,0.000501697,0.001490659,8549.581661,50107.68007,245.888096,967.1140912,0.337101872,164364056.4,499262.7866,6.529334682,0.815013717,-0.580798942,0.923053705,0.902744741,779.4305071,13.28182375,2142.819221,-0.580874956,967.1140912,-0.594078941,0.021993248,0.24647135,0.983158599,0.990524064,0.031971914,9.30E-05,4.07E-09,0.000118565,2.19E-14,1.11E-09,-4.10E-16
023_L_index_4.bmp,23,0.000555593,8683.783028,1618.686756,22.95737711,0.034049479,0.890813717,1.765199148,0.000458912,0.001337303,8036.20209,15549.73451,192.6226089,702.4451353,0.354202723,102378916.4,332367.3774,5.684751225,0.799813155,-0.571364096,0.915767918,0.894299335,586.5642096,12.29800577,1638.538128,-0.571425525,702.4451353,-0.583637025,0.024528113,0.257962983,0.984398347,0.992675584,0.032432943,0.000149152,4.97E-09,9.81E-05,-7.20E-15,1.06E-09,1.64E-15
023_L_index_5.bmp,23,0.000666739,8079.442647,1536.723347,24.04070125,0.033288574,0.879052067,1.873941757,0.000558672,0.001545304,7386.636972,14551.99347,165.3799236,608.7297007,0.352083617,75742918.38,261714.3079,5.339316988,0.796516356,-0.569316143,0.916038298,0.892453431,509.2786749,11.78393833,1422.833537,-0.569375968,608.7297007,-0.583765964,0.025058416,0.260209273,0.98500455,0.993460655,0.033840198,0.000172077,3.00E-07,9.76E-05,-8.65E-14,1.77E-09,1.37E-13
023_L_index_6.bmp,23,0.000637718,8475.801309,1551.315749,24.11640621,0.033850098,0.876605028,1.884194415,0.000542847,0.001324677,7804.675944,16565.13813,179.6627217,689.8194824,0.342510328,101291463.9,320950.2399,5.345506568,0.797803612,-0.570117687,0.917893647,0.893172064,565.4279457,12.00543634,1566.595238,-0.570187468,689.8194824,-0.585155215,0.026792315,0.268364473,0.985430617,0.993122603,0.03252652,0.000123363,2.50E-07,0.000106938,-2.73E-14,1.39E-09,4.86E-14
024_L_index_1.bmp,24,0.000156801,10891.07268,1808.933384,31.46975539,0.039001465,0.881287922,1.837967298,0.000136851,0.000291615,9896.338622,19293.87852,357.6873602,1231.426966,0.367471621,159302597.6,567724.8368,9.296610441,0.73456657,-0.530551717,0.88899681,0.857026039,1081.132276,20.05186955,3085.798396,-0.530649497,1231.426966,-0.54952958,0.035669977,0.299088901,0.975269773,0.987029007,0.022694235,0.000104648,1.58E-07,3.93E-05,-4.11E-16,-2.04E-10,-5.28E-16
024_L_index_2.bmp,24,0.000156673,10141.83138,1759.857832,31.56503251,0.039086914,0.870518444,1.847211868,0.000134563,0.000301998,9082.314658,17533.44301,333.1366254,1030.078761,0.392773642,119869345.3,465119.6703,8.341182452,0.740516751,-0.534296754,0.892555808,0.860495416,942.3088916,18.95029951,2742.269094,-0.534386199,1030.078761,-0.55291422,0.036584897,0.303095116,0.977346586,0.988778236,0.023077914,0.000119144,7.52E-08,3.77E-05,8.85E-19,-8.45E-12,2.44E-16
024_L_index_3.bmp,24,0.000165032,10470.97435,1837.189994,29.79362575,0.039896647,0.880230387,1.851366554,0.000142239,0.000327648,9530.330536,17950.75975,350.9876071,1189.050075,0.37122325,159678166.3,559004.5028,9.017862511,0.729197426,-0.527164892,0.886731465,0.853888142,1049.662571,19.75894312,3004.512966,-0.527263424,1189.050075,-0.546378562,0.037150941,0.303930995,0.975896448,0.987617534,0.022495588,9.52E-05,2.17E-07,4.21E-05,-2.17E-15,-1.59E-10,4.15E-15
024_L_index_4.bmp,24,0.000379601,9709.276786,1822.265916,25.67309008,0.040555827,0.869456751,1.938296438,0.00032931,0.000754418,8791.815022,18835.71979,188.5016875,817.3356127,0.315672064,124980339.5,374413.6783,6.149475476,0.750127955,-0.540354059,0.90036082,0.866040534,649.6619514,13.72754984,1774.902024,-0.540488858,817.3356127,-0.561931005,0.034669815,0.296763654,0.983210216,0.992327826,0.025048935,0.000143849,3.95E-08,4.10E-05,-6.19E-14,2.70E-10,-1.31E-14
024_L_index_5.bmp,24,0.000466657,9541.31072,1820.15675,25.3614435,0.040421549,0.87248642,1.924506319,0.000417997,0.000845306,8657.945272,17215.33635,169.561592,718.421034,0.320687695,100412171.9,312391.6348,5.740759879,0.756190555,-0.544157303,0.903414614,0.869536838,577.1306284,13.1018521,1582.867494,-0.544282339,718.421034,-0.565666271,0.034035261,0.294940084,0.984048915,0.993087184,0.024029243,0.000136105,2.33E-07,3.43E-05,-9.10E-14,6.66E-10,-8.63E-15
024_L_index_6.bmp,24,0.000423167,9564.471087,1831.818888,25.47294281,0.040812174,0.870899881,1.908612959,0.000368779,0.000795596,8691.405778,18018.01132,168.3461941,746.7473724,0.310773259,110310321.5,331544.2253,5.799463647,0.752620753,-0.541916517,0.901917656,0.867482934,588.9298156,13.07858381,1605.641649,-0.542041333,746.7473724,-0.563557281,0.034822205,0.297624544,0.983998042,0.992931831,0.024736286,0.000139871,1.30E-07,3.95E-05,-6.19E-14,7.73E-10,-2.21E-14
025_L_index_1.bmp,25,0.000144648,12766.3231,1269.681035,28.75893949,0.028108724,0.878647515,1.856562785,0.00013006,0.000250293,11510.89495,22393.79027,330.0875255,1092.621283,0.376644701,154859358.4,543974.6042,7.47832752,0.814246262,-0.580317276,0.924052356,0.902329146,946.2360599,16.25315584,2696.333543,-0.580364128,1092.621283,-0.593794718,0.023473005,0.254034551,0.980816554,0.988837741,0.021849919,7.87E-05,9.13E-07,4.57E-05,4.61E-14,3.46E-10,6.75E-14
025_L_index_2.bmp,25,0.000127459,13280.31929,1286.073632,27.64009817,0.02845459,0.878589274,1.802443765,0.000113105,0.000224562,12000.34781,22669.41835,385.0293122,1148.562332,0.401370884,171911734.4,609051.0214,7.770063829,0.802425294,-0.572987984,0.920262696,0.895755816,1043.952583,17.64966573,3020.729707,-0.57303602,1148.562332,-0.587858177,0.027177776,0.270621581,0.980146942,0.988333842,0.022564821,9.43E-05,9.21E-07,4.70E-05,1.63E-14,-2.60E-11,1.26E-14
025_L_index_3.bmp,25,0.000115469,12750.39057,1317.542263,28.57134174,0.028796387,0.883790682,1.776293986,0.000101443,0.000209018,11580.50642,22062.13818,360.2287552,1099.363386,0.395898299,165830649.8,579223.2612,7.566049195,0.809203183,-0.57719206,0.921886767,0.899531702,984.6167924,16.8415139,2843.686189,-0.577239521,1099.363386,-0.590433148,0.025135434,0.261773011,0.98055265,0.988743435,0.022547383,0.000107722,1.29E-06,3.91E-05,1.84E-13,2.37E-09,7.13E-14
025_L_index_4.bmp,25,0.000130377,13528.08986,1209.510264,25.59932326,0.027237956,0.870806427,1.880030598,0.000112914,0.000248978,12261.09581,24533.83777,378.3883826,1193.146286,0.388108428,186138425.8,626797.2499,8.280341524,0.782220479,-0.56042437,0.911751443,0.884395391,1061.680215,18.26101624,3060.944021,-0.56048695,1193.146286,-0.577858812,0.028629882,0.275376307,0.978574824,0.987918339,0.021591712,0.000135444,4.45E-07,3.19E-05,1.06E-15,-6.45E-12,1.81E-15
025_L_index_5.bmp,25,0.000127261,13783.63639,1224.60838,26.53739703,0.02746582,0.870974531,1.874150283,0.00010849,0.000247582,12542.79067,25677.62586,367.0755034,1233.196973,0.373168465,192990311.6,636151.1037,8.425511937,0.782037434,-0.560313008,0.911230933,0.884287707,1067.676184,18.14965273,3051.562878,-0.560383772,1233.196973,-0.577476893,0.027945334,0.272401997,0.978291101,0.987658591,0.021395011,0.000127705,2.06E-07,3.44E-05,7.63E-16,9.18E-11,-2.27E-17
025_L_index_6.bmp,25,0.000132342,12327.70673,1280.275726,24.60218569,0.028540039,0.87405607,1.848134021,0.000112847,0.000262497,11164.87758,22769.82783,368.8836251,1108.368553,0.399629503,163903727.8,571096.2212,7.828114821,0.774121108,-0.555367057,0.910198488,0.879808012,1009.217515,18.28277027,2938.777933,-0.555432625,1108.368553,-0.573666081,0.032790551,0.291987119,0.979577606,0.988784822,0.021127731,0.000108368,8.67E-07,3.34E-05,-2.00E-14,-7.95E-10,1.06E-14
026_L_index_1.bmp,26,0.000145427,14550.9591,1399.393608,27.45649033,0.030065918,0.888459862,1.738620884,0.000133885,0.000216762,13163.65662,26165.20097,444.5466496,1202.503495,0.425081525,167199601.5,645209.9586,8.554787498,0.791812941,-0.566398306,0.912652746,0.889803654,1143.574824,19.39342301,3379.082593,-0.566465237,1202.503495,-0.57928614,0.027705658,0.272156277,0.97793872,0.987081324,0.026266811,0.000206518,6.21E-07,3.78E-05,-2.94E-14,-1.18E-09,1.72E-14
026_L_index_2.bmp,26,0.00010726,14976.83382,1377.961464,26.893643,0.029231771,0.892234572,1.713793458,9.49E-05,0.000181471,13608.38911,26545.00289,469.7612331,1171.6571,0.445023926,180049462.2,678132.069,8.307344738,0.79638149,-0.569238564,0.91468284,0.892368577,1151.616123,19.33211804,3446.766253,-0.569303463,1171.6571,-0.581707875,0.028064688,0.274157735,0.978598539,0.987436655,0.026022442,0.000186042,5.53E-07,4.39E-05,-1.62E-15,7.47E-10,5.86E-14
026_L_index_3.bmp,26,9.18E-05,15310.35848,1368.695002,27.81163217,0.029353841,0.88804668,1.708103973,8.07E-05,0.000158787,13880.69264,26392.41911,450.9266741,1247.574757,0.419579131,183967937.4,683199.2402,8.59574301,0.795735319,-0.568838257,0.914522141,0.892004398,1170.145196,19.32395539,3447.005602,-0.568905052,1247.574757,-0.581690784,0.027137637,0.269948584,0.978043654,0.986874446,0.026093205,0.000198984,4.71E-07,4.10E-05,-7.83E-15,1.18E-10,2.35E-14
026_L_index_4.bmp,26,9.30E-05,14259.85612,1455.91705,30.99607859,0.032548014,0.873203831,1.878750224,8.01E-05,0.000176286,12764.62338,28306.70186,504.1998141,1340.980488,0.429257361,196308379.8,737051.6362,9.472971565,0.763514295,-0.548742038,0.903783819,0.87374579,1308.443141,21.78266153,3856.389529,-0.548827096,1340.980488,-0.5679128,0.032941533,0.291276855,0.975578165,0.985764214,0.02219637,0.000117472,1.78E-07,3.69E-05,4.33E-14,1.24E-09,3.91E-15
026_L_index_5.bmp,26,9.66E-05,13790.08416,1478.271497,30.2571341,0.033154297,0.872091118,1.824414453,8.36E-05,0.000180067,12256.21898,25168.5089,471.562665,1216.661553,0.436717957,166561919,653874.6968,8.976039893,0.767411841,-0.551178913,0.904645597,0.875977343,1203.859704,20.89993745,3562.982774,-0.551258329,1216.661553,-0.568088957,0.032418227,0.289572015,0.976547797,0.98676199,0.022617658,0.000133863,2.45E-07,3.53E-05,6.90E-14,1.62E-09,-3.30E-15
026_L_index_6.bmp,26,9.44E-05,15865.52415,1399.065781,22.37733093,0.029854329,0.890794103,1.716465723,8.31E-05,0.000165193,14493.28859,28143.18578,489.747703,1485.942245,0.397302215,223434150.6,803470.6889,9.55848584,0.789931748,-0.565223706,0.911608365,0.888751653,1349.061681,20.73766613,3898.71674,-0.565284102,1485.942245,-0.578596245,0.027960221,0.27300744,0.976215156,0.984784953,0.022083367,0.000115267,5.79E-07,4.01E-05,4.59E-13,4.04E-09,7.21E-14
027_L_index_1.bmp,27,0.000190622,11785.28297,1403.405826,22.88588258,0.029736328,0.892533589,1.72339151,0.000164791,0.000358033,10891.67778,21108.99589,333.9765,1395.071459,0.323777293,213832221.8,677838.0123,8.83213771,0.786766635,-0.563261413,0.909008142,0.886956237,1112.462338,17.5684126,3059.722301,-0.56335462,1395.071459,-0.576210664,0.025413764,0.261108469,0.977814867,0.986604908,0.032387057,0.000232055,4.93E-07,8.24E-05,5.41E-15,-4.74E-10,1.43E-14
027_L_index_2.bmp,27,0.000376058,11356.0431,1397.766294,22.98711023,0.030122884,0.886362424,1.773911933,0.00034812,0.000562296,10460.68353,20384.72678,322.6469736,1321.275332,0.328135979,200509385.7,638592.01,8.531654053,0.783453675,-0.561196374,0.908967275,0.885087533,1062.017077,17.302107,2930.94683,-0.561285788,1321.275332,-0.575216439,0.026979698,0.267993839,0.978393376,0.987237149,0.032906358,0.000259337,2.29E-07,8.00E-05,-3.16E-16,-5.88E-10,4.14E-15
027_L_index_3.bmp,27,0.000219916,10847.81655,1420.375215,25.4412163,0.03059082,0.88638771,1.815544128,0.000192441,0.000405971,9978.500124,20725.02726,320.9057663,1283.203982,0.333408031,185357796.2,606980.2189,8.429862924,0.780773881,-0.559528735,0.907831867,0.883567232,1041.216949,17.42278068,2890.186205,-0.559630256,1283.203982,-0.573569481,0.027916539,0.272063376,0.978513025,0.987516279,0.032326964,0.000247085,1.55E-07,7.55E-05,8.09E-15,-1.03E-09,1.84E-15
027_L_index_4.bmp,27,0.000218532,10950.34022,1460.530428,24.38420413,0.031213379,0.89007104,1.722078636,0.000193553,0.000371156,10093.72769,20561.95693,339.1025675,1313.856149,0.340457871,196892910.8,640234.3274,8.668659391,0.774590194,-0.555668364,0.904279142,0.880061899,1079.848756,17.88273334,3010.229647,-0.555771276,1313.856149,-0.569233517,0.028262177,0.273023153,0.977867624,0.987191118,0.030886186,0.000198944,1.93E-07,7.24E-05,-8.58E-15,1.53E-09,-2.09E-14
027_L_index_5.bmp,27,0.000273643,10083.47413,1470.845643,24.19764218,0.031384277,0.8888138,1.755983288,0.000237846,0.00051889,9309.159158,18229.93055,254.0439014,1119.692498,0.312137068,167027599.4,521292.7893,7.48340869,0.78516988,-0.562263545,0.909694368,0.886060235,873.8782401,15.21659897,2384.837268,-0.562349807,1119.692498,-0.576372576,0.026628334,0.266657871,0.980682466,0.989275546,0.033181108,0.000231038,6.73E-07,0.000103503,3.79E-16,-1.23E-10,-3.18E-15
027_L_index_6.bmp,27,0.000248345,10081.18023,1496.338487,23.7354453,0.030957031,0.901070309,1.686802963,0.000214436,0.000472919,9396.849621,17673.42788,247.5459361,1089.12287,0.31251855,162195325.2,506900.1581,7.329094507,0.791344903,-0.566107481,0.911565593,0.889539967,850.0917784,14.85881487,2317.227936,-0.566187341,1089.12287,-0.578514168,0.025541388,0.262106322,0.981040959,0.989528928,0.034793982,0.00027609,2.51E-07,0.000103647,3.13E-16,2.85E-10,-1.67E-15
028_L_index_1.bmp,28,0.000147919,11798.36127,1701.386752,29.38364974,0.036409505,0.890093127,1.67826073,0.000130194,0.000256805,10847.40164,18441.59856,557.2300752,1802.068471,0.382120228,283203683.7,972984.1252,11.55928978,0.755566305,-0.543756571,0.892122863,0.869191991,1604.824387,23.89464094,4628.222483,-0.543842536,1802.068471,-0.555631783,0.030242284,0.279871488,0.971192042,0.981756042,0.022922836,0.000119152,7.65E-07,4.50E-05,4.19E-13,4.00E-09,2.67E-13
028_L_index_2.bmp,28,0.000148631,11947.76088,1688.785772,29.20803538,0.036466471,0.887018794,1.680448096,0.000130033,0.000257047,10963.86765,18796.44381,575.8814782,1838.121886,0.385220037,301101914.9,1019035.75,11.47971297,0.760137299,-0.546621165,0.894026662,0.87181958,1639.650992,23.94359815,4741.422012,-0.546706533,1838.121886,-0.557864572,0.03035143,0.280813627,0.971653192,0.981692946,0.022865138,0.0001096,7.59E-07,4.63E-05,2.36E-13,2.76E-09,1.42E-13
028_L_index_3.bmp,28,0.000154287,12056.76532,1667.062976,28.49405613,0.035738118,0.890183689,1.65291677,0.000135325,0.000263659,11115.00946,18407.38587,578.1576498,1906.696057,0.377509544,326440281,1070026.386,11.68864507,0.76246082,-0.548079478,0.894684401,0.873147069,1675.49722,23.87231429,4815.685541,-0.548168277,1906.696057,-0.559275678,0.02900881,0.275356419,0.97132222,0.981235827,0.02336126,0.000113753,7.43E-07,4.83E-05,1.50E-13,2.21E-09,1.40E-13
028_L_index_4.bmp,28,0.000157051,11781.57265,1662.833543,28.56800622,0.036368815,0.88297184,1.705097779,0.000136258,0.00027928,10804.15764,18464.949,564.038485,1914.965737,0.370707194,312850326.1,1038581.964,11.88416651,0.754185001,-0.542889616,0.891398514,0.868397512,1669.286385,24.17628825,4782.160399,-0.542977247,1914.965737,-0.55517138,0.029770749,0.27781479,0.970701344,0.981044413,0.023406203,0.000128707,4.89E-07,4.29E-05,4.15E-14,1.33E-09,6.29E-14
028_L_index_5.bmp,28,0.000154954,12345.5168,1608.04637,28.53662073,0.035298665,0.879231514,1.816195955,0.000134243,0.000279271,11292.64846,25344.5506,542.544026,2112.569475,0.339338556,336989956.4,1091424.285,12.53550011,0.756483415,-0.544339998,0.891657834,0.869706707,1747.395585,24.27912974,4898.95472,-0.544447363,2112.569475,-0.556169045,0.027476141,0.26813144,0.969598663,0.979650232,0.023671067,0.000118854,5.62E-07,4.76E-05,1.02E-14,1.34E-09,1.28E-13
028_L_index_6.bmp,28,0.00015025,12182.0931,1663.956155,29.85354016,0.035965983,0.885182102,1.74581948,0.000130818,0.00026394,11190.29107,22843.03053,556.0589466,2008.388398,0.356390497,329196222.8,1072601.311,12.07087016,0.758504333,-0.545603023,0.893839497,0.870874242,1707.164846,24.09634423,4839.853065,-0.545699364,2008.388398,-0.558223303,0.028903046,0.274529861,0.970591763,0.980488086,0.023530789,0.000122435,5.21E-07,4.64E-05,6.45E-14,1.80E-09,1.23E-13
029_L_index_1.bmp,29,0.000271532,12666.06365,1692.872046,34.86816519,0.03741862,0.873595134,1.936391447,0.000255319,0.000388895,11419.44497,23918.93033,519.352646,1466.004283,0.414704265,220602925.9,802168.3653,10.10041449,0.753797703,-0.542645433,0.896188956,0.868176236,1384.544465,22.5905895,4078.554139,-0.542726175,1466.004283,-0.559581217,0.034469159,0.296527028,0.974158574,0.984651638,0.024335995,0.000103269,2.20E-07,5.27E-05,6.79E-15,-3.25E-10,3.06E-15
029_L_index_2.bmp,29,0.00010834,13366.36943,1776.124094,33.55478157,0.039078776,0.874835296,1.910915564,9.23E-05,0.000224802,12128.26595,23416.18059,648.6790148,1604.355103,0.44710255,277108971.9,985946.8221,10.92700685,0.731592383,-0.528676067,0.886775185,0.855289359,1617.842313,25.55398258,4879.373768,-0.528762099,1604.355103,-0.547606904,0.039618095,0.31295436,0.972146482,0.98331379,0.022847536,9.12E-05,2.59E-07,4.77E-05,7.71E-15,-5.87E-10,1.09E-14
029_L_index_3.bmp,29,0.000113241,13053.3363,1702.909537,32.72391585,0.037731934,0.871547223,1.924412605,9.59E-05,0.000236845,11829.90236,22717.30817,591.4057608,1562.718419,0.43081693,256720045.2,913106.1152,10.61197083,0.738004112,-0.532715515,0.889928455,0.859032734,1526.523808,24.40368878,4550.157329,-0.532797928,1562.718419,-0.551146784,0.038363672,0.309210555,0.972952409,0.983829841,0.024180601,0.000106531,4.44E-07,5.18E-05,8.53E-16,-8.75E-10,4.17E-14
029_L_index_4.bmp,29,0.000156277,12245.76057,1634.610138,32.14123852,0.036218262,0.871880586,1.942415122,0.000136692,0.000296933,11125.36371,23435.77498,516.8892876,1501.177802,0.407812398,231119484.4,820694.8979,10.1604585,0.745769678,-0.537605688,0.894314387,0.86353559,1401.576672,22.77417884,4112.167203,-0.537704589,1501.177802,-0.557237034,0.036012862,0.301503947,0.974075235,0.984623152,0.025526881,0.000103385,6.37E-07,6.29E-05,-1.50E-14,-1.45E-09,9.54E-14
029_L_index_5.bmp,29,0.000115802,12067.73363,1672.191922,34.29287531,0.037528483,0.86823053,1.938116622,9.79E-05,0.000239664,10894.53455,21839.31742,526.1929762,1330.249099,0.441693992,196220484.9,748725.2388,9.71359001,0.746810515,-0.538255127,0.893314558,0.864145701,1323.785621,22.61280227,3970.983835,-0.538331693,1330.249099,-0.555843399,0.036089852,0.301900662,0.974657564,0.985680938,0.023632552,8.56E-05,1.26E-07,4.96E-05,7.07E-15,-2.56E-10,-2.43E-14
029_L_index_6.bmp,29,0.000101641,14594.1746,1808.286698,33.11518157,0.038598633,0.884934373,1.825164169,8.77E-05,0.000196424,13382.18154,24710.95444,519.7499323,1533.523377,0.404000787,217860778.7,804577.9465,10.75957151,0.739400863,-0.533597056,0.888859368,0.859842308,1427.327264,23.48328072,4189.332016,-0.533678036,1533.523377,-0.551217748,0.034282683,0.294426633,0.972288375,0.983836612,0.02412673,0.000100325,9.29E-07,5.55E-05,-5.76E-14,-5.02E-10,1.98E-13
030_L_index_1.bmp,30,0.000179486,9418.646141,1515.376737,30.70167955,0.034541829,0.863114659,1.973732472,0.00015142,0.000380579,8510.240176,17049.33404,364.6040932,1239.851197,0.370339271,199595843.6,650593.7428,8.49386068,0.785957862,-0.562748568,0.907988678,0.886513758,1068.743051,17.77622888,3034.573474,-0.562810085,1239.851197,-0.574878264,0.027031847,0.268572804,0.978105088,0.987533689,0.031860806,0.000212457,2.46E-06,8.87E-05,2.55E-13,3.00E-09,3.89E-13
030_L_index_2.bmp,30,0.000185363,9247.438232,1528.193229,31.46861551,0.034737142,0.865248392,1.922581282,0.000156987,0.000385797,8312.19121,15934.10931,356.3799933,1303.77477,0.353465529,198714414.6,651838.5708,8.970084601,0.774479221,-0.555589763,0.902572298,0.880013016,1097.870601,18.27208574,3083.757717,-0.555656754,1303.77477,-0.568559022,0.027066205,0.267710512,0.976819288,0.986917995,0.03176787,0.000217264,1.43E-06,8.20E-05,-4.58E-15,5.38E-10,2.40E-13
030_L_index_3.bmp,30,0.000170392,9622.181962,1491.586868,29.94651339,0.034008789,0.864990812,1.939864067,0.000143965,0.000355465,8659.926267,17362.24892,378.4470878,1251.10017,0.376955607,199224545.5,657685.7194,8.814438633,0.773928359,-0.555246737,0.902817916,0.879698334,1097.711794,18.46484613,3126.619211,-0.55531437,1251.10017,-0.568762954,0.027672816,0.270317192,0.977056445,0.987269653,0.032338823,0.000237389,3.11E-06,8.95E-05,1.11E-12,7.45E-09,1.08E-12
030_L_index_4.bmp,30,0.000197122,8932.785671,1644.575795,31.79962183,0.037308757,0.866815044,1.943854964,0.000169771,0.000386897,7979.854732,18107.07458,304.3782586,1042.460002,0.368684344,175625900.5,544749.9597,7.967734027,0.749321379,-0.539843737,0.892951258,0.865580448,903.6863769,16.91033039,2564.462164,-0.539955151,1042.460002,-0.556048531,0.03140074,0.283913167,0.978462725,0.989507463,0.030408462,0.000214402,1.41E-06,7.02E-05,1.54E-14,5.61E-10,-1.11E-13
030_L_index_5.bmp,30,0.000189085,8861.857908,1604.266423,33.86172163,0.037561035,0.854136786,1.996000757,0.00015877,0.000392552,7847.633904,17485.19424,290.6261124,1060.013023,0.35415588,165738009.2,521981.9455,7.958811601,0.749694856,-0.540080028,0.894905313,0.865793537,897.6542701,16.97695012,2529.354815,-0.540193298,1060.013023,-0.5583133,0.032221422,0.287282066,0.978611222,0.989402684,0.029827659,0.00019273,1.11E-06,6.99E-05,-3.59E-15,1.06E-10,-1.28E-13
030_L_index_6.bmp,30,0.000194187,8850.838728,1639.061501,30.88206324,0.037320964,0.864463688,1.990829291,0.000163922,0.000415622,7904.438657,17945.90868,289.3616895,944.2316046,0.380021524,158476647.7,498249.4642,7.449679805,0.754684401,-0.54320941,0.89807113,0.868675025,834.6200259,16.19570668,2381.835835,-0.543321682,944.2316046,-0.561597742,0.032148764,0.287312192,0.979693953,0.990312601,0.029727959,0.000198412,2.06E-06,7.22E-05,2.12E-14,6.99E-10,-4.62E-13
031_L_index_1.bmp,31,8.99E-05,15712.78866,1547.128882,26.61305534,0.032556152,0.898119299,1.675692113,7.92E-05,0.000154679,14414.9429,28836.53545,587.3712897,1711.94973,0.406972635,280259654.7,988510.5041,10.92293746,0.774835392,-0.555814145,0.902656738,0.880212435,1591.363237,23.098013,4620.888632,-0.555888305,1711.94973,-0.568006018,0.02738522,0.269186044,0.972966606,0.982386726,0.023297515,0.000130445,8.00E-07,4.62E-05,1.14E-12,6.69E-09,1.93E-13
031_L_index_2.bmp,31,9.01E-05,15708.08351,1587.222071,26.85383197,0.032869466,0.904326565,1.595372699,8.04E-05,0.00014836,14449.76321,25398.95737,585.6818901,1734.570394,0.403127454,277786426.3,986222.9916,11.23810224,0.769975279,-0.552777096,0.899167828,0.877447106,1608.142026,23.37997463,4649.991984,-0.552850556,1734.570394,-0.564249299,0.026848719,0.266301467,0.972045407,0.981970029,0.022848923,0.000132902,7.05E-07,4.25E-05,7.92E-13,5.36E-09,2.11E-13
031_L_index_3.bmp,31,8.89E-05,16001.38614,1572.987661,27.10436992,0.032979329,0.899535627,1.69663334,7.86E-05,0.000153937,14702.83579,29801.12259,592.6696094,1832.251894,0.392844982,300114161.9,1038516.4,11.35016522,0.772776063,-0.554530927,0.901364343,0.879036822,1667.489568,23.56722712,4784.69701,-0.554615462,1832.251894,-0.5667749,0.027212658,0.26817627,0.972186183,0.981523652,0.022925028,0.000124345,8.03E-07,4.49E-05,6.48E-13,4.58E-09,1.84E-13
031_L_index_4.bmp,31,9.88E-05,13973.44633,1638.121527,30.08069707,0.034769694,0.894558265,1.707084515,8.66E-05,0.000176302,12776.34248,25883.4105,481.8745685,1427.192996,0.403138987,210970634,766193.0343,9.944051066,0.768115836,-0.551617296,0.901792691,0.876382155,1327.999462,21.23087656,3829.069579,-0.551710754,1427.192996,-0.566641334,0.028416566,0.27305754,0.9745065,0.984880268,0.022697001,0.00010903,1.04E-06,4.98E-05,1.85E-12,7.76E-09,9.83E-14
031_L_index_5.bmp,31,9.89E-05,13836.80043,1613.482526,29.08992789,0.033927409,0.898261169,1.698621418,8.72E-05,0.000177716,12685.56506,25042.64732,500.6936026,1390.281271,0.418712399,210281038.2,773759.0058,9.686102108,0.771043782,-0.553448258,0.903659988,0.878050964,1318.702626,21.26341708,3869.008821,-0.55353128,1390.281271,-0.568363692,0.02906118,0.276232468,0.97518825,0.985221588,0.023578463,0.000129586,1.01E-06,4.86E-05,1.44E-12,7.34E-09,2.07E-13
031_L_index_6.bmp,31,0.000102357,13990.15388,1576.769634,26.06486837,0.033597819,0.892710731,1.689027873,8.98E-05,0.000176693,12754.79722,25557.03103,552.6108024,1538.099409,0.418125718,239156461.3,868309.5673,10.40800781,0.757929864,-0.545234513,0.898154102,0.87055727,1460.936024,22.9585839,4300.957705,-0.545319842,1538.099409,-0.561026436,0.032087778,0.287634984,0.973589797,0.983925234,0.02380882,0.000128977,1.11E-06,5.04E-05,1.37E-12,7.18E-09,1.65E-13
032_L_index_1.bmp,32,0.000212037,8496.215372,1672.075389,42.06504702,0.038285319,0.863034626,1.99165468,0.000184557,0.00040381,7613.933585,15996.79924,277.0741793,983.6451463,0.360356968,125610969.4,441840.4391,7.625537011,0.77074219,-0.553256995,0.904398985,0.877883392,840.4479169,16.50193848,2382.816749,-0.553332504,983.6451463,-0.569297631,0.029339315,0.277417434,0.979457684,0.989721515,0.029117779,0.00014385,2.57E-07,7.95E-05,5.53E-16,2.62E-10,1.38E-14
032_L_index_2.bmp,32,0.000234587,8454.627763,1688.273355,42.67709635,0.038464355,0.863010763,1.94450956,0.000206993,0.000410948,7555.781673,16715.04104,266.7114189,1009.463636,0.345733227,124987359.7,438092.2639,7.943743894,0.769006154,-0.552172933,0.901857544,0.876891861,842.306428,16.48694672,2366.638062,-0.552252366,1009.463636,-0.567188308,0.027101217,0.267511833,0.978524327,0.989340959,0.028920159,0.000139655,2.15E-07,7.85E-05,2.46E-15,3.32E-10,1.04E-14
032_L_index_3.bmp,32,0.000232202,8744.621884,1817.363674,49.9825068,0.045247396,0.827584338,2.319270906,0.000197359,0.00048518,7540.901716,21488.6834,296.3475997,1099.078747,0.350347414,145327911.5,482019.3791,8.859265455,0.686447246,-0.50009524,0.875091644,0.828393278,949.9033979,19.86338681,2699.129106,-0.500291119,1099.078747,-0.531814385,0.043484037,0.320391317,0.97558646,0.988904279,0.023191961,8.36E-05,2.07E-08,5.71E-05,5.84E-14,1.47E-09,7.33E-16
032_L_index_4.bmp,32,0.000135249,10266.91076,1807.526463,65.47601119,0.044881185,0.830000902,2.319324705,0.000111503,0.000313333,8864.381977,24627.39024,458.064085,1362.304846,0.402091862,181962904.8,670105.5933,10.09959498,0.720905922,-0.521953465,0.88864404,0.848975786,1277.852759,23.08741513,3751.956515,-0.522092825,1362.304846,-0.549021609,0.039621611,0.311607814,0.973362235,0.985640425,0.020389737,6.41E-05,7.29E-08,4.25E-05,2.63E-14,8.32E-10,3.85E-15
032_L_index_5.bmp,32,0.000150482,11378.37717,1800.385079,46.36859005,0.042342122,0.850044372,2.18663464,0.000130301,0.00030729,10013.36714,24696.90271,479.7084902,1288.406062,0.426826714,170943920.4,665278.5231,9.981313966,0.7393244,-0.533563404,0.892764417,0.859775014,1255.915894,22.4752979,3736.636528,-0.533674193,1288.406062,-0.55549592,0.034705552,0.295878137,0.973512336,0.985675069,0.021370981,8.72E-05,6.52E-08,3.56E-05,-1.25E-15,-1.45E-10,-1.13E-15
032_L_index_6.bmp,32,0.000175682,11992.19917,1867.368895,45.14127857,0.043953451,0.850778356,2.155242117,0.00015576,0.000324995,10618.19826,25581.74042,534.5515934,1448.140646,0.424720193,213496492.2,787142.8662,10.74705993,0.731483955,-0.528622492,0.888256849,0.855202442,1408.765643,23.88602798,4182.403224,-0.528731672,1448.140646,-0.550389066,0.035299398,0.297298122,0.971842269,0.984264237,0.02057699,8.09E-05,3.46E-08,3.40E-05,-5.24E-16,-1.14E-10,-4.12E-16
033_L_index_1.bmp,33,0.000308307,7505.741053,1610.699158,28.02394181,0.037890625,0.855529496,1.989964417,0.000256653,0.000693403,6647.891603,13434.98936,245.1572779,691.1387772,0.415016446,106565341.9,357211.6171,6.079587184,0.740728749,-0.534433341,0.896216817,0.860613655,649.1727301,14.85492264,1908.596158,-0.534547646,691.1387772,-0.555732953,0.038497851,0.309937845,0.982831106,0.992723,0.026336692,0.000108536,5.37E-06,9.54E-05,2.13E-11,2.48E-08,-2.54E-12
033_L_index_2.bmp,33,0.000296503,7313.712654,1553.735266,26.93801132,0.036584473,0.855386714,1.963327707,0.000245225,0.000683665,6457.467535,12861.99355,234.6865131,599.3402424,0.439198005,83409015.98,300805.9678,5.706555144,0.742787921,-0.535730171,0.897907071,0.861807641,589.7571279,14.59790808,1767.113949,-0.535842664,599.3402424,-0.557340987,0.039262199,0.312897028,0.983587078,0.993425826,0.02680711,0.000110177,5.97E-06,0.000102014,3.00E-11,3.03E-08,-1.31E-12
033_L_index_3.bmp,33,0.000313304,6819.762871,1575.683408,28.36010754,0.036950684,0.856811412,1.984418334,0.000261097,0.000705533,6023.245994,12288.8928,204.272103,531.3417472,0.43467603,62636371.84,241460.0694,5.48177184,0.739612333,-0.533734938,0.896390233,0.859957813,520.2860928,13.99789067,1559.600639,-0.533858908,531.3417472,-0.555699231,0.038343729,0.309349966,0.983919452,0.994009286,0.027731578,0.000135243,6.24E-06,9.97E-05,3.10E-11,3.38E-08,-2.68E-12
033_L_index_4.bmp,33,0.000299093,7020.82951,1571.418984,27.61766526,0.036971029,0.854680269,1.980314971,0.000247739,0.00067777,6180.802209,12931.89566,210.6604807,534.6166156,0.440747146,64317743.47,248448.2881,5.400639453,0.747075001,-0.538424519,0.899350959,0.86429381,529.2581046,13.97056485,1587.767982,-0.538536835,534.6166156,-0.558780071,0.038043334,0.309015284,0.984243787,0.99400401,0.026900051,0.000126367,5.03E-06,9.26E-05,2.59E-11,3.07E-08,-2.69E-12
033_L_index_5.bmp,33,0.000434216,8354.900777,1730.072633,27.26352526,0.039652507,0.864094633,1.910801843,0.000373969,0.000784109,7471.909927,15449.82313,271.1021975,798.6114978,0.404390643,106273099.6,380316.7646,6.977285796,0.732102186,-0.528996902,0.891147076,0.855588511,742.705143,16.52972065,2174.018966,-0.529106671,798.6114978,-0.550051714,0.038510368,0.309204589,0.980424358,0.991445027,0.025248316,0.000129619,2.48E-06,7.04E-05,1.30E-11,2.31E-08,-3.76E-13
033_L_index_6.bmp,33,0.00034629,7080.18404,1569.595505,24.67436896,0.035917155,0.865475583,1.934327512,0.000286623,0.000832967,6317.00518,12694.53086,207.1289011,493.3884682,0.456423875,51573813.09,222096.892,5.280799061,0.744805216,-0.536995261,0.89903966,0.862983223,505.4818759,13.8331327,1528.401468,-0.537099219,493.3884682,-0.558522473,0.038554604,0.310637873,0.984428505,0.994260682,0.02988655,0.000212304,3.34E-06,8.95E-05,3.10E-11,4.66E-08,-1.73E-12
034_L_index_1.bmp,34,0.000247238,10322.00664,1753.969661,40.05329516,0.03968099,0.867030098,1.907332489,0.000192506,0.000656235,9248.764838,20926.75222,374.6003854,1113.292657,0.402314716,145747891.2,537326.1791,8.598164639,0.741767858,-0.535095436,0.895823725,0.86120442,1045.484147,19.86919481,3027.930007,-0.535197319,1113.292657,-0.556692419,0.037115078,0.304765146,0.976973218,0.988157854,0.0220323,7.22E-05,5.69E-08,4.74E-05,-2.01E-16,2.58E-13,9.69E-16
034_L_index_2.bmp,34,0.000180237,10368.44665,1829.981554,40.04665779,0.040063477,0.880006953,1.866401905,0.000161957,0.000304199,9358.388687,21580.20424,370.0313029,1150.703775,0.391443511,145375874,540092.6528,8.782511048,0.746314015,-0.537954001,0.896056823,0.863841194,1056.75763,19.88366297,3047.816601,-0.538056092,1150.703775,-0.557373202,0.035489747,0.299379526,0.976594128,0.987759543,0.022004916,7.90E-05,1.83E-08,4.42E-05,-3.10E-16,-7.05E-11,2.03E-16
034_L_index_3.bmp,34,0.000376871,9980.376103,1764.902782,38.14086693,0.039436849,0.870788523,1.889339317,0.000331822,0.000699816,8927.62231,19767.86135,344.1529542,1067.608186,0.392056842,124684249.4,481821.453,8.32058038,0.747807402,-0.538890838,0.89830937,0.864708005,985.5041565,19.16805024,2832.482282,-0.538985239,1067.608186,-0.559868444,0.036130853,0.301764071,0.977665171,0.988571407,0.022559372,7.96E-05,2.87E-08,4.72E-05,-4.24E-18,-4.12E-11,1.41E-16
034_L_index_4.bmp,34,0.000145348,9814.48984,1738.641832,39.18041471,0.039180501,0.868733541,1.868489697,0.000123556,0.000282924,8771.261827,19641.49752,363.0777028,1030.968688,0.41334487,131789016,498934.9436,8.047172012,0.750006902,-0.54027415,0.900155446,0.865976676,988.072646,19.21300292,2873.347293,-0.540374743,1030.968688,-0.561269359,0.037323732,0.306248553,0.978369464,0.989001327,0.022961551,8.67E-05,6.37E-09,4.52E-05,-1.62E-16,7.65E-11,-2.43E-16
034_L_index_5.bmp,34,0.000241563,10245.40996,1755.883298,34.25513964,0.039624023,0.867678054,1.87879114,0.000221116,0.000371982,9112.018112,20217.76096,471.8064003,1196.50389,0.440970151,168981730.3,647568.4901,9.158147518,0.742920831,-0.535815082,0.895185735,0.861882716,1203.558196,21.66381645,3576.44432,-0.535906523,1196.50389,-0.556344118,0.03721287,0.30529339,0.975702506,0.986950083,0.021738584,8.28E-05,8.48E-09,3.93E-05,-2.23E-16,-9.77E-11,1.44E-16
034_L_index_6.bmp,34,0.000139784,10122.59196,1796.685348,35.22718025,0.03951416,0.876761103,1.829482528,0.000120033,0.000265284,9115.694476,19239.33438,424.4167502,1213.271617,0.411675418,153785651.9,598281.0862,9.194025577,0.750259913,-0.54042699,0.896827423,0.866132214,1154.221157,20.87745753,3369.584729,-0.540513384,1213.271617,-0.558928485,0.034496196,0.296014229,0.975693095,0.986807266,0.022643399,8.89E-05,1.38E-08,4.39E-05,2.15E-16,-3.50E-10,-9.21E-16
035_L_index_1.bmp,35,0.000307387,6972.589552,1722.120167,35.272283,0.037817383,0.875316897,1.892145611,0.000267334,0.000571753,6265.769979,13015.50722,230.2046204,548.077931,0.456549703,52122837.45,238227.3414,5.769006283,0.766791352,-0.550786796,0.904656664,0.875629076,561.7272109,14.6007266,1698.458145,-0.550878568,548.077931,-0.56804777,0.034453808,0.297698946,0.983190476,0.993412813,0.032424372,0.000169482,1.99E-07,9.65E-05,-1.19E-17,-4.49E-12,-6.94E-16
035_L_index_2.bmp,35,0.000282576,7716.124106,1789.258641,37.11293005,0.039127604,0.877640005,1.826777348,0.000243684,0.000517777,6964.090211,14566.24334,243.1275766,700.0719735,0.409896016,82442306.2,316481.5618,6.370365563,0.771107387,-0.553487616,0.90526755,0.878087822,653.924047,14.97136059,1913.593478,-0.553580277,700.0719735,-0.569846051,0.031853632,0.287848694,0.982036024,0.992182978,0.032219081,0.000175635,5.94E-07,9.58E-05,6.02E-15,3.79E-10,-5.30E-15
035_L_index_3.bmp,35,0.000260869,7445.100458,1799.907274,37.21313102,0.039660645,0.875017386,1.876892106,0.000225488,0.000497663,6702.653083,13944.4304,249.4748597,629.9046373,0.442015033,62685777.77,275925.3363,6.305672069,0.761250332,-0.54732021,0.901201604,0.872455169,628.8798761,15.41532818,1882.594224,-0.547417546,629.9046373,-0.564550737,0.033801576,0.294558289,0.981849145,0.992565888,0.030791992,0.000166242,2.28E-07,7.91E-05,1.30E-15,4.33E-10,2.14E-15
035_L_index_4.bmp,35,0.000297969,6578.611214,1862.156288,44.6849587,0.040852865,0.877164432,1.882378715,0.00025558,0.000591105,5925.185019,11838.05959,203.1132629,537.0129892,0.430689116,42242175.81,205181.2106,6.139770394,0.745125197,-0.537205725,0.894884689,0.863154129,529.2133431,14.61145853,1578.937674,-0.537342473,537.0129892,-0.556716886,0.034543865,0.295790998,0.981790936,0.993307266,0.031819759,0.000190092,4.28E-07,7.93E-05,1.30E-15,9.31E-10,9.67E-15
035_L_index_5.bmp,35,0.00028915,6474.614748,1777.412533,44.69798514,0.039864095,0.867279434,1.943761861,0.000245321,0.000593246,5776.625443,11651.0022,180.3265481,459.3798325,0.439822825,31737180.18,168402.9516,5.553035064,0.758390172,-0.545532601,0.901342745,0.870806963,459.1503549,13.45814637,1376.778872,-0.545654203,459.3798325,-0.564658643,0.032531385,0.289262241,0.983344396,0.994142938,0.03192856,0.00018909,5.46E-07,8.36E-05,9.28E-17,9.05E-11,1.08E-15
035_L_index_6.bmp,35,0.000328032,6227.77186,1770.37866,38.63575795,0.039294434,0.873136267,1.90092795,0.000283762,0.000631646,5556.057583,11146.91226,170.1541114,434.2569664,0.439373937,28030537.05,154303.1578,5.44489528,0.757695583,-0.545093973,0.90041887,0.870412912,433.9110847,13.1063906,1301.226677,-0.545214244,434.2569664,-0.563776566,0.031576133,0.285388135,0.983546176,0.994389715,0.034012481,0.000245229,7.41E-07,8.55E-05,-1.20E-16,1.34E-10,2.26E-15
036_L_index_1.bmp,36,7.58E-05,16431.06068,1382.281445,40.19127457,0.030281576,0.880122099,1.84851526,6.63E-05,0.000142355,14699.3544,30607.65245,578.2918993,1684.090719,0.407168575,268633082.1,949996.246,10.5901537,0.771214937,-0.553563379,0.905474727,0.878136019,1569.36147,23.34435053,4568.325578,-0.553667008,1684.090719,-0.57042637,0.030924409,0.283965982,0.973844396,0.983035444,0.021728796,7.92E-05,1.28E-07,4.22E-05,3.30E-16,-7.21E-11,1.49E-15
036_L_index_2.bmp,36,7.52E-05,16550.39295,1380.55151,40.92837734,0.030253092,0.882277009,1.776268618,6.61E-05,0.000132262,14872.96361,30482.80805,563.0194272,1655.6886,0.40480845,265819726.6,935211.5308,10.33251126,0.780567878,-0.559402814,0.909038534,0.883446779,1528.277677,22.61596133,4444.842436,-0.559504494,1655.6886,-0.574828659,0.029290273,0.278003507,0.974570694,0.983347375,0.021556667,7.13E-05,1.51E-07,4.57E-05,-8.95E-16,6.53E-11,4.99E-15
036_L_index_3.bmp,36,8.55E-05,15119.3271,1316.18613,37.90853827,0.028719076,0.883359327,1.81111665,7.46E-05,0.000154567,13679.39555,29705.07756,410.7640021,1407.312789,0.36859129,216203821.8,733087.9601,8.798390775,0.810995226,-0.578311215,0.920447878,0.900514692,1202.289834,18.4304515,3411.700708,-0.578383231,1407.312789,-0.589680969,0.023211996,0.252490275,0.978231881,0.986072134,0.022794688,0.000101693,6.90E-08,4.12E-05,-1.12E-16,1.02E-10,-1.88E-16
036_L_index_4.bmp,36,0.000232669,14826.03888,1384.215446,36.96701134,0.029915365,0.887392129,1.68169397,0.000221988,0.000294466,13458.80551,25157.30589,422.181123,1424.881558,0.372091681,214742056.6,736331.409,9.26551953,0.79694174,-0.569589444,0.914151094,0.892678505,1230.753303,19.25085388,3506.453573,-0.569659688,1424.881558,-0.582146778,0.025025299,0.260230462,0.97676401,0.985557474,0.023361383,0.000116948,2.00E-07,4.18E-05,2.59E-17,-1.09E-11,2.02E-15
036_L_index_5.bmp,36,0.000281799,14430.13319,1385.336395,38.46928727,0.030094401,0.884811404,1.744075985,0.000270543,0.000352516,13066.42545,25182.73118,436.0544353,1385.635333,0.386275583,216664765.9,741949.9015,9.002616533,0.797186909,-0.569739627,0.914964982,0.892819072,1224.34415,19.27916142,3523.831413,-0.569804401,1385.635333,-0.582670951,0.026664803,0.267889438,0.977413018,0.985999655,0.023647561,0.00011657,2.90E-07,4.46E-05,2.13E-16,3.87E-11,-9.38E-16
036_L_index_6.bmp,36,0.000141006,14166.62936,1407.141441,39.52478617,0.030940755,0.879472766,1.738708311,0.000128313,0.000215296,12759.06511,24549.78542,413.6021382,1388.512184,0.373336792,213412481.9,723601.6177,8.996356806,0.798587176,-0.570609986,0.915291726,0.893602552,1200.425932,18.89603135,3421.868428,-0.570674891,1388.512184,-0.583403765,0.025798531,0.263990996,0.977430067,0.986041702,0.023492164,0.000115163,1.38E-07,4.16E-05,1.61E-17,1.09E-10,-1.02E-15
037_L_index_1.bmp,37,0.000194409,8644.585231,1690.642762,39.06367011,0.038297526,0.861671575,1.968736111,0.000164077,0.000402897,7803.935407,15580.9535,234.1588823,805.1917839,0.367743568,96364272.82,345050.8779,6.748289416,0.765547403,-0.550016661,0.90459576,0.874905703,699.3696204,15.39133657,1995.948899,-0.550107466,805.1917839,-0.569294129,0.031679021,0.28656765,0.981289091,0.991545721,0.028469971,0.000134211,1.60E-07,7.09E-05,-5.54E-15,1.49E-09,5.97E-15
037_L_index_2.bmp,37,0.000198971,8566.460066,1715.196277,37.0374737,0.038305664,0.868128455,1.949593025,0.000170004,0.000399475,7744.515393,15604.23643,229.4971092,796.5408941,0.365581123,96328107.71,342241.3974,6.668521693,0.767710445,-0.551368192,0.905063614,0.876144006,688.1621572,15.15054728,1961.075743,-0.551454034,796.5408941,-0.569655071,0.031193435,0.28484113,0.981504968,0.991661391,0.028841325,0.000138928,1.29E-07,7.21E-05,-5.94E-15,1.42E-09,3.27E-15
037_L_index_3.bmp,37,0.000229742,8032.978177,1637.621315,36.23446148,0.036812337,0.864420725,1.941498315,0.00019675,0.000456208,7222.920299,14803.53727,199.4224451,695.4909091,0.364466257,83520136.68,294477.0574,5.968410583,0.777973624,-0.557779725,0.90999907,0.881983953,597.3623101,13.85104436,1700.793387,-0.557862927,695.4909091,-0.575579046,0.030271751,0.281951472,0.983282412,0.992748738,0.030856937,0.000159449,1.97E-07,8.47E-05,-3.97E-15,5.42E-10,1.65E-15
037_L_index_4.bmp,37,0.000197065,8231.243858,1649.483362,43.11874768,0.03704834,0.866091347,1.958523116,0.000166902,0.000407266,7455.407866,14540.27199,239.8898237,823.7488848,0.368068222,97652292.61,352691.1262,6.639617653,0.770053018,-0.552837964,0.908167022,0.877472714,715.4404372,15.50486069,2041.152322,-0.552932908,823.7488848,-0.573138903,0.032740186,0.291174517,0.981797902,0.991480579,0.031251627,0.000179922,2.79E-08,7.51E-05,1.40E-13,4.35E-09,-2.67E-14
037_L_index_5.bmp,37,0.000197311,7871.514711,1645.132992,44.97187457,0.037341309,0.863285261,1.983683436,0.000166682,0.000412662,7069.360537,14680.87813,234.0960431,776.419679,0.376182045,94152809.71,338975.8209,6.367020264,0.779007794,-0.558428489,0.911720957,0.882564939,681.7060401,14.94158847,1953.047675,-0.558517221,776.419679,-0.577698528,0.031247104,0.28597779,0.982471818,0.991885035,0.030864898,0.000176653,8.60E-08,7.03E-05,2.73E-13,5.24E-09,6.68E-14
037_L_index_6.bmp,37,0.000314896,8153.582207,1765.502648,38.80378747,0.03939209,0.869313681,1.908347786,0.000283416,0.000532101,7390.452373,14263.33462,240.7364781,811.4141531,0.372404431,110251002.1,373296.94,6.597254278,0.763499059,-0.548732846,0.904231456,0.87373657,707.1701334,15.26755538,2024.51306,-0.548823438,811.4141531,-0.568090079,0.033162353,0.292344262,0.981802082,0.991709032,0.0294861,0.000132896,2.30E-07,8.32E-05,1.60E-15,1.05E-10,-4.50E-15
038_L_index_1.bmp,38,0.000257385,6838.631632,1878.81333,35.79645858,0.041560872,0.875894329,1.838264199,0.000219791,0.000504771,6181.343559,14128.08429,303.2605678,770.407292,0.440514229,105256658.3,393059.3853,6.895175357,0.740810532,-0.534483766,0.893040686,0.860662817,766.5150734,16.88525173,2286.856564,-0.534590105,770.407292,-0.552963035,0.038771957,0.310641363,0.980630065,0.991449649,0.029224642,0.000148042,1.33E-06,8.18E-05,-2.00E-13,-2.64E-09,2.12E-13
038_L_index_2.bmp,38,0.000260028,6837.132938,1879.455277,35.62292343,0.041556803,0.876982538,1.816217785,0.000222685,0.000502003,6190.460444,14089.23267,287.6113964,810.5579636,0.415107532,106392328.1,391022.3373,7.137223759,0.739631393,-0.533742798,0.891489544,0.859975407,769.3749155,16.82233494,2262.204877,-0.533852551,810.5579636,-0.551477369,0.03794016,0.307605421,0.980035014,0.991071159,0.028870422,0.000145275,1.11E-06,7.89E-05,-1.20E-13,-2.11E-09,1.19E-13
038_L_index_3.bmp,38,0.000261789,6718.713739,1854.683634,35.14764157,0.040694173,0.879528378,1.799876541,0.00022585,0.00049402,6065.539502,12763.62225,280.4775965,760.7856579,0.424424579,95719360.68,364099.8486,6.829027277,0.744327083,-0.536696109,0.893470689,0.862703723,733.8612323,16.4266598,2170.423403,-0.536800469,760.7856579,-0.55332255,0.037104942,0.305135856,0.98079432,0.991561742,0.031320367,0.000186749,9.73E-07,8.99E-05,4.99E-14,1.03E-09,2.72E-13
038_L_index_4.bmp,38,0.000246859,6652.114273,1862.752064,35.18635888,0.041438802,0.874889929,1.817446545,0.00021039,0.000476535,5991.97973,11893.78027,289.4459933,694.8793037,0.454486345,76118354.97,326122.6388,6.79117688,0.735785925,-0.531317463,0.890565395,0.857741532,713.4681435,16.9443034,2158.040302,-0.53142578,694.8793037,-0.549692771,0.039379763,0.312358335,0.980556674,0.991872951,0.028958576,0.000156171,1.31E-06,7.77E-05,-1.63E-13,-1.36E-09,3.48E-13
038_L_index_5.bmp,38,0.00024958,6701.828716,1933.581372,36.27862945,0.042468262,0.880403356,1.769100961,0.000214886,0.00047778,6045.260568,12057.96423,306.8590627,732.7074649,0.45582636,87311696.31,358824.5008,6.907243266,0.73336485,-0.529791215,0.890262405,0.856329202,753.4616811,17.38266048,2280.981109,-0.529903037,732.7074649,-0.548519518,0.041235701,0.318426873,0.980406373,0.991538987,0.029095299,0.000157312,7.44E-07,7.78E-05,-7.17E-14,-6.06E-10,1.76E-13
038_L_index_6.bmp,38,0.000241485,7030.866592,1897.249743,35.92240888,0.041682943,0.880064178,1.799315531,0.000208229,0.000461516,6348.14705,13022.23168,307.9113733,787.2387122,0.438924033,95285184,382076.6253,7.294327512,0.737006135,-0.532086394,0.889292158,0.858452399,781.4390562,17.37233915,2339.438645,-0.532192284,787.2387122,-0.548551712,0.037224651,0.304949474,0.979410171,0.990955027,0.029050605,0.000153461,9.22E-07,7.83E-05,-1.46E-13,-1.78E-09,1.95E-13
039_L_index_1.bmp,39,0.000484678,6295.893506,1840.767896,41.78951513,0.04173584,0.866284775,1.926875001,0.000413735,0.000947461,5575.539726,13853.16088,256.5301219,695.6631716,0.424472364,83263448.66,318927.3873,6.680076655,0.734593612,-0.530570406,0.891998051,0.857039217,672.6240501,16.0752173,1997.531593,-0.530678766,695.6631716,-0.551470443,0.038258451,0.308515593,0.980867887,0.992135162,0.028088638,7.08E-05,3.56E-07,8.22E-05,2.51E-12,8.76E-09,-3.86E-13
039_L_index_2.bmp,39,0.000481757,6164.784827,1822.089816,40.66992047,0.041532389,0.863430512,2.021720459,0.000404195,0.00106065,5447.284079,13285.62881,241.6311408,681.6905506,0.41483689,75944864.18,297080.6229,6.661948738,0.731063632,-0.528347208,0.891413724,0.854972743,647.6700857,15.88517216,1917.620076,-0.528464665,681.6905506,-0.550880254,0.03819937,0.307968934,0.980827717,0.992261595,0.027791202,6.62E-05,6.35E-07,8.28E-05,1.42E-12,6.21E-09,-3.14E-13
039_L_index_3.bmp,39,0.000441114,6131.526265,1879.558217,42.78924851,0.042362467,0.869315893,1.898305738,0.000361754,0.00110257,5448.964514,13643.16597,251.9103746,691.9565756,0.421335229,77648977.15,305041.9487,6.868786341,0.725965262,-0.525130127,0.887768954,0.85198381,666.4682256,16.34219302,1984.106691,-0.525254868,691.9565756,-0.546551854,0.038668273,0.30909805,0.980171732,0.992070399,0.027665885,7.74E-05,2.91E-07,7.22E-05,2.96E-12,1.02E-08,-1.29E-13
039_L_index_4.bmp,39,0.000488912,6864.945753,1938.152783,41.75634097,0.043249512,0.871159468,1.9037417,0.000436616,0.000860017,6105.297073,14590.516,267.406258,814.2259586,0.396467766,97343829.47,361029.5269,7.435402638,0.715273326,-0.51837253,0.883021422,0.845678669,756.4066582,17.18191051,2197.124804,-0.518511523,814.2259586,-0.540950508,0.039198089,0.309605626,0.97894465,0.991036588,0.026820223,6.45E-05,6.08E-07,7.75E-05,6.84E-13,4.12E-09,-2.25E-13
039_L_index_5.bmp,39,0.000434674,6755.394938,1765.55099,40.75619058,0.040970866,0.857037765,1.981377798,0.000369784,0.000890866,5948.675819,14112.98753,233.8083983,706.2169879,0.398391305,81086047.26,305599.5524,6.692444899,0.734443251,-0.530479515,0.892086295,0.856945328,654.5009345,15.63157822,1902.643833,-0.530609846,706.2169879,-0.552202505,0.036814982,0.30320564,0.980869073,0.992111814,0.02790729,7.44E-05,5.40E-07,8.29E-05,7.36E-13,4.70E-09,-1.23E-13
039_L_index_6.bmp,39,0.00041404,6595.88067,1938.503091,43.15091982,0.043314616,0.872059415,1.857774959,0.000354725,0.000762052,5851.41284,13195.26942,249.525866,708.299906,0.413364373,75829607.09,302328.7365,7.051502266,0.719493718,-0.521041684,0.884179816,0.848173564,678.5164375,16.58396834,1998.971518,-0.521185005,708.299906,-0.54250033,0.03864246,0.308209252,0.979630041,0.991870669,0.02656591,6.93E-05,3.33E-07,7.29E-05,4.93E-13,3.78E-09,-1.19E-13
040_L_index_1.bmp,40,0.000404597,9729.087509,1506.021628,23.25989219,0.033048503,0.87968433,1.930785015,0.000361883,0.000718995,8913.631394,22252.23229,287.2533321,971.5620371,0.371602314,139151936.6,465916.7853,7.421136538,0.728047575,-0.526447687,0.890784182,0.853200771,852.9880685,17.22527863,2435.690163,-0.526581199,971.5620371,-0.548880375,0.039240931,0.311255292,0.979871158,0.990366829,0.031159952,0.000443365,7.38E-07,4.50E-05,9.86E-14,2.53E-09,-1.60E-15
040_L_index_2.bmp,40,0.000342054,9403.959352,1519.325054,24.12376132,0.033463542,0.877701681,1.827354889,0.000297211,0.000639918,8605.646898,18214.98,291.439824,956.4044632,0.378682568,134176068.6,456389.1076,7.345328192,0.721698413,-0.522436181,0.888680626,0.849471958,853.019269,17.55196973,2448.833217,-0.5225734,956.4044632,-0.545030234,0.04242607,0.321230574,0.980037661,0.990506137,0.030633632,0.000418651,7.17E-07,4.53E-05,2.14E-14,3.80E-10,-8.96E-14
040_L_index_3.bmp,40,0.000276833,9219.980187,1469.976367,22.60176544,0.032991536,0.869756222,1.897941258,0.000230235,0.000619028,8348.466387,17148.12829,284.0800073,886.8344979,0.390498632,119605383.3,420062.9615,7.171487071,0.721575312,-0.522356212,0.888907158,0.849402938,806.9776422,17.26380974,2339.495296,-0.52249312,886.8344979,-0.54656282,0.041632964,0.318667811,0.980223507,0.990982181,0.030805249,0.000439921,1.01E-06,3.65E-05,3.32E-13,5.58E-09,5.25E-14
040_L_index_4.bmp,40,0.000304925,9189.120196,1509.194843,22.85802669,0.033150228,0.878173524,1.855845393,0.000263078,0.000627418,8368.303377,16638.33761,277.4552662,901.6992065,0.380980964,121760171.1,422076.8634,7.220659089,0.724380715,-0.52412843,0.889161078,0.8510544,809.1426058,17.11506183,2322.640749,-0.524257971,901.6992065,-0.546338475,0.04067377,0.315697968,0.980148305,0.990860473,0.030059291,0.000418445,1.14E-06,3.66E-05,2.36E-13,4.97E-09,1.35E-13
040_L_index_5.bmp,40,0.000352299,9079.037686,1458.825683,23.20136629,0.032438151,0.872887719,1.904069427,0.000298118,0.000738746,8307.561576,18833.67572,280.9876054,921.0944762,0.378934732,130318452.2,441001.7229,7.221956127,0.721586667,-0.522364602,0.888311917,0.849407664,819.152626,17.0735886,2354.657759,-0.522498796,921.0944762,-0.545447032,0.041079542,0.316842483,0.980242792,0.99078768,0.032730908,0.000483257,3.49E-07,4.01E-05,-5.85E-16,-8.80E-11,-3.24E-14
040_L_index_6.bmp,40,0.000371751,8736.410345,1434.968813,22.78165164,0.03162028,0.876681709,1.82050517,0.000316554,0.00075465,7977.534888,17164.59058,272.9029802,853.1742544,0.39015477,118956645.8,411723.5397,6.896314517,0.7286867,-0.526847385,0.890128555,0.853581256,772.1059064,16.46511854,2233.507724,-0.526973392,853.1742544,-0.54808713,0.039787415,0.313256093,0.980963134,0.991361763,0.034038336,0.000544928,5.62E-07,3.83E-05,2.74E-14,8.05E-10,-6.41E-14
041_L_index_1.bmp,41,0.000317772,12791.81628,1728.45935,35.61675411,0.039050293,0.868520612,1.834998231,0.000303,0.000409733,11307.64333,23992.60446,437.4414387,1243.625115,0.412989192,166519432.9,630644.7506,9.256194337,0.749014928,-0.539648787,0.896975759,0.865407191,1179.858728,21.05738077,3459.791936,-0.539741341,1243.625115,-0.558500342,0.034845482,0.297342216,0.975612992,0.986720933,0.021849535,0.000110505,4.23E-07,3.72E-05,6.79E-14,1.35E-09,-1.56E-14
041_L_index_2.bmp,41,0.000276682,13064.9505,1749.575081,35.44881575,0.039152018,0.873586146,1.90475907,0.000262602,0.000367673,11635.15811,28698.62732,434.6592943,1349.70696,0.391773045,188705481.5,677950.3495,9.716479401,0.747931935,-0.53897012,0.895275435,0.864778402,1232.145428,21.23820225,3562.558029,-0.539065309,1349.70696,-0.557029543,0.033437991,0.291841868,0.974640682,0.98588938,0.021266899,9.77E-05,3.79E-07,3.69E-05,4.17E-14,9.77E-10,-4.61E-15
041_L_index_3.bmp,41,0.000129609,13192.11904,1686.680663,34.02083771,0.03828125,0.867556135,1.92140626,0.000114964,0.000224696,11660.62763,27968.25208,406.3751842,1353.515151,0.375200337,177545113.3,646736.1086,9.808346719,0.752730072,-0.541984251,0.896647538,0.867547293,1199.798733,20.69660486,3430.063519,-0.542077513,1353.515151,-0.560246607,0.03085212,0.282005609,0.974368306,0.985755478,0.021958393,0.000103124,3.07E-07,3.88E-05,2.29E-14,7.26E-10,2.96E-16
041_L_index_4.bmp,41,0.000233528,10260.77563,1744.887851,35.3878971,0.038920085,0.873938189,1.840039898,0.000209967,0.000378612,9168.746561,18336.1062,346.5573926,1137.774232,0.378574514,157064446.3,547229.8213,8.601651522,0.746398116,-0.538003148,0.895203181,0.863895707,1010.498742,18.93709261,2903.271752,-0.538095678,1137.774232,-0.557067565,0.034238822,0.294866333,0.977015747,0.988223459,0.025309718,0.000146952,4.58E-07,5.03E-05,1.45E-13,2.37E-09,2.49E-15
041_L_index_5.bmp,41,0.000158133,10691.76358,1714.306016,35.3395001,0.038745117,0.869032745,1.872813245,0.000137156,0.000294989,9566.513093,20386.9464,364.1930379,1253.571101,0.367516731,180777150.4,610099.4608,9.058161769,0.7440178,-0.536507519,0.89399154,0.862515138,1093.172447,19.58719485,3115.290105,-0.536602949,1253.571101,-0.555837632,0.034320746,0.294914559,0.976132893,0.987302061,0.024305934,0.000114792,4.64E-07,5.35E-05,1.80E-13,2.38E-09,5.14E-15
041_L_index_6.bmp,41,0.000249057,10702.16987,1714.817036,34.81075576,0.038468424,0.871797843,1.902810397,0.000228393,0.000386566,9590.278379,21236.01218,342.8889219,1251.068383,0.354073932,178485327.2,594803.3112,9.000752518,0.749242567,-0.539791291,0.895429533,0.865539491,1063.525014,19.01884497,3005.156714,-0.539886048,1251.068383,-0.557627956,0.032443991,0.288172572,0.976315634,0.987358651,0.024240604,0.000106848,4.53E-07,5.52E-05,1.28E-13,1.90E-09,3.63E-15
042_L_index_1.bmp,42,0.000386918,7119.194781,1728.141902,27.68207622,0.038134766,0.875381096,1.867821174,0.000329872,0.000787464,6451.363808,12920.4164,187.2097869,735.5057539,0.337341024,97154894.58,315353.5331,6.172618397,0.727821054,-0.526305039,0.889834628,0.85306747,608.6104171,14.31620942,1704.645159,-0.526455718,735.5057539,-0.547587574,0.038882571,0.309965722,0.982622133,0.992765077,0.034101966,0.000252026,1.32E-06,9.41E-05,1.23E-13,2.43E-09,-1.81E-13
042_L_index_2.bmp,42,0.000391398,6718.759197,1709.24498,28.24858859,0.038187663,0.871686724,1.85372007,0.000334478,0.000754324,6019.506513,12033.36643,187.0610679,672.4901153,0.357463302,84917404.08,285614.5632,6.003142974,0.721849569,-0.522531386,0.887504578,0.849561555,577.2965389,14.40173492,1643.468716,-0.522681118,672.4901153,-0.544186713,0.040661211,0.315430179,0.982824573,0.993217034,0.035090569,0.000278965,1.51E-06,9.62E-05,1.43E-13,2.60E-09,-1.37E-13
042_L_index_3.bmp,42,0.000368096,7153.402389,1733.159555,28.37917283,0.03914388,0.867221323,1.935562484,0.000317243,0.000729849,6386.460114,13578.11988,195.5386534,760.6790677,0.339553853,97806661.17,322174.8343,6.450987724,0.720117304,-0.521437647,0.88592717,0.848538668,634.6077354,14.9102636,1780.969375,-0.521586781,760.6790677,-0.542808566,0.039553944,0.311463669,0.981805866,0.99245079,0.032524301,0.000245936,1.07E-06,7.90E-05,3.01E-14,1.06E-09,-5.85E-14
042_L_index_4.bmp,42,0.00029627,7245.906117,1575.974847,34.53880178,0.035571289,0.866346954,1.911413609,0.000254782,0.000577753,6546.344314,13352.67388,284.5159038,1061.968993,0.34888749,137529610.8,473110.162,8.228920389,0.737779563,-0.532579951,0.888672019,0.858892752,895.3712028,17.55751092,2527.282469,-0.532696963,1061.968993,-0.549908687,0.03287256,0.288817783,0.977711917,0.989152923,0.034543236,0.000282913,6.67E-07,7.36E-05,5.39E-14,3.83E-09,-8.68E-14
042_L_index_5.bmp,42,0.00030181,6944.574563,1636.722322,33.13691685,0.036372884,0.872568683,1.849424875,0.000257829,0.0005914,6300.875999,12696.80127,279.6016785,1055.272722,0.346369441,142308411.4,477533.972,8.115612123,0.735296341,-0.531013423,0.88716506,0.857448952,884.2443457,17.3509935,2493.446299,-0.531126333,1055.272722,-0.547478368,0.033933106,0.292712529,0.978025956,0.989341515,0.035524466,0.000281967,5.64E-07,8.67E-05,-1.30E-14,5.37E-10,5.63E-15
042_L_index_6.bmp,42,0.000323403,6848.982975,1657.706477,34.58553369,0.036889648,0.87447909,1.821637612,0.000277913,0.000617964,6226.539766,12075.41155,273.8647349,1062.337393,0.340191933,142732003.2,475298.2996,8.104599164,0.728918646,-0.52699355,0.885852961,0.853717506,883.1330179,17.43366661,2480.38245,-0.527115018,1062.337393,-0.544913144,0.036045117,0.300013227,0.978071978,0.989389653,0.03560135,0.000279793,8.36E-07,9.25E-05,2.66E-16,-1.61E-10,2.05E-14
043_L_index_1.bmp,43,0.00030836,6277.295302,1720.371581,41.65384578,0.036694336,0.889293277,1.757947473,0.000263789,0.000585369,5683.471708,11275.65977,241.5600425,700.2343053,0.408268277,75285394.07,303443.8639,6.547417826,0.768262619,-0.551708599,0.902695768,0.876466709,652.063436,15.16594322,1913.516248,-0.551794367,700.2343053,-0.566615078,0.030659648,0.28275151,0.981428939,0.992053916,0.0375068,0.000242306,2.83E-07,0.000113518,8.09E-14,2.78E-09,-8.33E-14
043_L_index_2.bmp,43,0.000242241,6491.321329,1687.654351,41.38312354,0.036417643,0.886086974,1.821140587,0.000212036,0.000452978,5871.763123,11763.00937,242.7498443,707.822572,0.406853382,78794323.73,311301.1744,6.586700556,0.773959897,-0.555267939,0.905086515,0.879713984,656.5477778,15.05372755,1922.458027,-0.555347065,707.822572,-0.570075954,0.029385082,0.277884553,0.981372007,0.991917347,0.036730103,0.000233363,1.65E-07,0.000109439,1.44E-14,2.81E-09,-5.00E-15
043_L_index_3.bmp,43,0.000255744,6268.674716,1699.519695,41.32213157,0.036368815,0.888107709,1.746029972,0.000224221,0.000464939,5681.448134,10568.6064,219.1551778,670.7584708,0.39520992,71172350.7,282820.6646,6.383697014,0.776553176,-0.556889285,0.905368428,0.881183985,608.6196552,14.3650774,1770.042331,-0.556971134,670.7584708,-0.570603499,0.027630273,0.270503486,0.981807432,0.992345518,0.036969524,0.000234376,2.06E-07,0.000107669,2.88E-13,6.72E-09,3.07E-14
043_L_index_4.bmp,43,0.000360923,7237.770017,1841.280095,27.21913829,0.038643392,0.896476312,1.687177459,0.000310995,0.000718685,6662.974366,11580.07145,408.049614,950.5635804,0.461949675,126922547.2,520641.2917,7.798247691,0.772716745,-0.554487439,0.90297653,0.879012889,974.7637267,18.68773046,2953.017031,-0.554551584,950.5635804,-0.567247207,0.031664151,0.287280191,0.97887838,0.989278093,0.032780914,0.000217315,3.73E-08,6.60E-05,1.02E-12,1.48E-08,-7.47E-14
043_L_index_5.bmp,43,0.000444358,7281.716919,1778.284208,26.30199487,0.038557943,0.883751092,1.779146905,0.000382112,0.000824913,6651.961788,13407.6216,395.6012087,1054.153666,0.428756994,146209053.6,558767.1961,8.040477725,0.779316715,-0.558609883,0.906206999,0.8827571,1011.4883,18.46629118,2998.500061,-0.558680974,1054.153666,-0.571842599,0.030251538,0.282062774,0.978674599,0.988539031,0.033085631,0.000199372,7.40E-08,7.70E-05,4.77E-13,1.06E-08,5.26E-14
043_L_index_6.bmp,43,0.000310203,6869.59784,1661.590634,45.20177209,0.036494954,0.879857824,1.810726963,0.000249708,0.00078127,6156.896724,12091.09829,212.201828,636.3145703,0.400119386,63678997.4,260432.9172,6.10983401,0.77787834,-0.557718317,0.90883893,0.881932866,584.6196857,14.22093692,1703.525039,-0.557797962,636.3145703,-0.573978477,0.029006152,0.276568801,0.982534757,0.99275532,0.033364124,0.000166331,2.19E-07,9.20E-05,8.39E-13,9.06E-09,2.67E-13
044_L_index_1.bmp,44,0.000130691,11395.94027,1727.359147,36.89422322,0.038220215,0.875799606,1.947343495,0.000114052,0.000247527,10140.42916,23833.82992,418.0052136,954.0929976,0.467026548,123589435.3,523551.5592,7.842377141,0.782443072,-0.560560859,0.9109233,0.884524696,987.5877008,18.66388992,2995.685357,-0.560619339,954.0929976,-0.576961545,0.030191688,0.2820556,0.978912664,0.988850967,0.025919483,0.000163128,5.41E-08,4.13E-05,1.12E-15,5.58E-10,1.99E-15
044_L_index_2.bmp,44,0.000128176,11684.76288,1736.269826,36.3115486,0.037996419,0.88017042,1.921497442,0.000111966,0.000243698,10460.03544,24213.82346,407.6882389,995.8710634,0.450178297,123610261.1,522869.5869,8.089682308,0.781548639,-0.560002341,0.909326005,0.884020104,997.3120873,18.72875521,2998.677239,-0.560063576,995.8710634,-0.575024336,0.029523314,0.279218086,0.978332009,0.988406835,0.025740263,0.000161741,6.94E-08,4.28E-05,8.24E-20,7.49E-13,2.89E-20
044_L_index_3.bmp,44,0.000130839,11443.55797,1646.120112,35.42199037,0.036722819,0.872959157,1.915254284,0.000113589,0.0002462,10160.54838,23503.8219,366.7505002,908.9148248,0.446602349,111607897.2,473272.0629,7.416120868,0.801584778,-0.572468297,0.918042209,0.895283381,896.7609636,17.00575197,2684.908669,-0.572521185,908.9148248,-0.586950534,0.025377264,0.262296324,0.980105021,0.98941161,0.02649805,0.000176504,4.52E-08,4.33E-05,-4.43E-16,-3.57E-11,-3.30E-16
044_L_index_4.bmp,44,0.000125496,11998.07367,1736.727158,35.98802175,0.038431803,0.873935511,2.087813943,0.000108052,0.000253357,10709.39767,31601.8014,503.9664112,1156.670797,0.465647935,178203376.2,687309.6081,8.857478811,0.768238542,-0.551695434,0.905294264,0.87645007,1196.118984,20.87963825,3631.83354,-0.551777059,1156.670797,-0.57035904,0.032748957,0.291210009,0.976657507,0.986999265,0.024073876,0.000110191,5.06E-07,4.49E-05,1.59E-14,2.45E-10,-1.32E-14
044_L_index_5.bmp,44,0.000135662,11407.35835,1694.763089,35.55281701,0.037862142,0.872901131,1.905989514,0.000117703,0.000260323,10136.31276,21711.45317,394.5693179,901.1101724,0.46688689,106448671.4,474324.9765,7.668057658,0.779558491,-0.558761903,0.909510805,0.882892281,934.1756456,18.28048548,2834.296954,-0.558825969,901.1101724,-0.574521562,0.029743586,0.279955838,0.979177908,0.989294204,0.024989471,0.000139717,1.98E-07,4.13E-05,1.86E-14,9.25E-10,9.14E-16
044_L_index_6.bmp,44,0.000136132,11018.15075,1768.990386,34.82898285,0.038838704,0.880057935,1.834509951,0.000119005,0.000255285,9841.783021,20483.86726,364.9595091,885.8164385,0.451765387,99819056.53,442528.076,7.69930804,0.778946957,-0.558381391,0.908044996,0.882544282,892.4165583,17.8258716,2683.62829,-0.55844851,885.8164385,-0.5735416,0.028604524,0.27501122,0.978948697,0.989421579,0.024710082,0.000132545,2.69E-07,4.03E-05,5.25E-14,1.54E-09,7.46E-15
045_L_index_1.bmp,45,5.66E-05,21515.59087,1502.472775,29.21019134,0.031730143,0.892240075,1.831201889,5.01E-05,0.000101313,19449.67188,42372.3274,922.9031281,2246.36429,0.451061376,447670107.5,1547039.794,13.24827136,0.753646448,-0.542566307,0.893101226,0.868064486,2274.535953,29.71275743,6853.355738,-0.542680758,2246.36429,-0.556540993,0.033763734,0.293841306,0.968414499,0.977279796,0.020144358,9.05E-05,6.40E-07,3.31E-05,2.38E-14,8.89E-10,8.85E-14
045_L_index_2.bmp,45,6.16E-05,19193.61357,1494.574425,30.53163174,0.031998698,0.886886393,1.783752611,5.43E-05,0.000108066,17215.70444,36795.21072,719.6640895,1770.676741,0.448403496,320290042.5,1149631.25,11.24862133,0.776123447,-0.556626033,0.903010184,0.880932392,1774.273292,24.98098672,5301.47197,-0.556722114,1770.676741,-0.568862653,0.029018464,0.276498256,0.97237641,0.981401273,0.021588334,0.000102688,3.45E-07,3.66E-05,-6.05E-16,3.09E-10,2.55E-14
045_L_index_3.bmp,45,7.07E-05,17489.40269,1502.840409,31.03026877,0.031591797,0.893106332,1.788556407,6.25E-05,0.000124672,15849.51995,34219.74791,624.0637284,1750.566706,0.416230624,281868265.8,1018134.819,11.1898322,0.771455732,-0.553716575,0.901278959,0.878268959,1652.681538,24.06593047,4852.935593,-0.553821429,1750.566706,-0.567000175,0.028668188,0.274624142,0.972337474,0.98185124,0.022905154,0.000108474,3.96E-07,4.36E-05,-3.01E-14,9.10E-11,7.31E-14
045_L_index_4.bmp,45,7.08E-05,17454.64226,1491.103326,30.80760806,0.03125,0.894981707,1.752019401,6.29E-05,0.000120679,15829.96281,34475.51801,610.997751,1702.497287,0.417859164,278567009,999105.9175,10.88817135,0.777988628,-0.557794603,0.903589606,0.881984008,1609.60715,23.42085778,4721.443627,-0.557897326,1702.497287,-0.569872121,0.027766996,0.271229275,0.973084702,0.982327618,0.022948344,0.000105156,3.46E-07,4.60E-05,-1.98E-14,5.05E-10,6.55E-14
045_L_index_5.bmp,45,6.89E-05,18435.38298,1448.095166,29.14420033,0.031205241,0.884136818,1.842109319,6.03E-05,0.00012162,16572.72223,39262.7333,677.5319946,1989.860011,0.405122234,339113734.3,1173855.568,12.29755134,0.766550367,-0.550653818,0.89820417,0.875464038,1848.082467,25.5481411,5381.104926,-0.550777135,1989.860011,-0.563615141,0.028151761,0.271900148,0.970056275,0.979559328,0.022242742,0.000100563,6.81E-07,4.19E-05,-1.50E-14,1.72E-10,1.03E-13
045_L_index_6.bmp,45,6.62E-05,19279.80313,1427.789306,28.69709457,0.030411784,0.887951889,1.859747984,5.82E-05,0.000117989,17417.08717,41674.02857,678.7201431,2060.604522,0.397145187,354791487.9,1213230.202,12.4071844,0.772497445,-0.554375696,0.900868589,0.878849452,1879.203622,25.39033256,5448.601215,-0.554509836,2060.604522,-0.567287905,0.026894479,0.266875113,0.970096344,0.979126081,0.022143111,9.63E-05,6.46E-07,4.44E-05,3.73E-14,1.18E-09,1.11E-13
046_L_index_1.bmp,46,0.000300849,7638.075959,1858.584885,49.18730332,0.040755208,0.878106483,1.835384581,0.000266522,0.000507175,6860.046095,14434.14204,280.0909224,781.7799716,0.417442614,79694303.44,337101.6073,7.337222431,0.750745401,-0.540736587,0.895007421,0.866405142,747.1787874,16.98894068,2209.428106,-0.540837234,781.7799716,-0.557309977,0.033760309,0.293467047,0.979268693,0.990900979,0.030856529,0.000166382,4.26E-07,8.23E-05,1.36E-14,-1.19E-09,-2.58E-14
046_L_index_2.bmp,46,0.000302933,7828.92737,1916.469524,51.78227624,0.041483561,0.882603054,1.792898812,0.000272896,0.000484631,7072.453793,14527.08895,312.9970238,841.6261646,0.426545381,93868826.24,388515.3711,7.696848203,0.749544688,-0.539983813,0.893010681,0.865709761,816.6718074,17.69413729,2426.090048,-0.540090575,841.6261646,-0.556084235,0.033127387,0.29087735,0.978413904,0.990271586,0.029867309,0.000155246,1.47E-07,8.22E-05,8.39E-15,-7.83E-10,-7.66E-15
046_L_index_3.bmp,46,0.000243601,8306.830759,1941.837195,44.72083475,0.041625977,0.884551592,1.807173201,0.000216296,0.000414904,7501.592223,16117.55952,328.0637858,820.0053606,0.444499355,119600543.9,442073.5254,6.947888747,0.766238009,-0.550437164,0.90037712,0.875318203,811.7733721,16.6507913,2428.133543,-0.550508976,820.0053606,-0.564015524,0.03328189,0.293125432,0.980828272,0.990990606,0.030777455,0.000170428,2.56E-07,9.15E-05,-1.30E-15,2.85E-11,9.58E-16
046_L_index_4.bmp,46,0.000240796,8165.776524,1942.267662,46.51295575,0.041634115,0.885783335,1.753424401,0.000215033,0.000398527,7348.383646,15177.71349,306.3933168,779.6014827,0.440108143,102102603.3,396600.0752,6.824720313,0.768441512,-0.551817279,0.900832049,0.876573662,766.7809475,16.23331985,2286.905206,-0.551888729,779.6014827,-0.564872443,0.031748493,0.287215194,0.980997237,0.991324249,0.030831477,0.000159129,8.82E-08,9.13E-05,8.68E-16,-1.99E-10,9.69E-16
046_L_index_5.bmp,46,0.000240896,8176.662868,1937.949075,45.87697183,0.04177653,0.882785332,1.80129889,0.000213804,0.000410191,7366.338297,15833.38393,315.6431073,767.4581019,0.451331045,105423779.8,404920.8275,6.703801035,0.768452577,-0.551823196,0.902330886,0.876581507,769.8394586,16.31475712,2314.505233,-0.551892005,767.4581019,-0.566273604,0.032724895,0.291148782,0.981349069,0.991455555,0.030754292,0.000154674,2.37E-07,9.48E-05,-8.78E-16,-9.85E-11,1.01E-14
046_L_index_6.bmp,46,0.000221061,8985.349846,1991.940105,47.06681631,0.0424764,0.887653282,1.726688857,0.000194758,0.000373781,8159.375556,16327.81204,382.2586684,925.3247844,0.452427847,132062942.2,505173.5486,7.681361186,0.752541684,-0.541856911,0.894214971,0.86745283,935.4228022,18.49731806,2816.839046,-0.541939775,925.3247844,-0.556642598,0.035679283,0.300954533,0.978977343,0.989814566,0.028910726,0.000153409,2.24E-07,8.13E-05,-4.61E-14,2.63E-10,3.49E-14
047_L_index_1.bmp,47,0.000380643,6349.876746,1615.689854,30.06585076,0.03638916,0.865922702,2.026319961,0.000316293,0.000885548,5779.336861,11739.89883,236.0800907,677.3617924,0.410751145,80341836.7,320044.7913,5.882346238,0.790433231,-0.565531116,0.911491092,0.889040823,623.8338794,13.59459305,1822.183839,-0.565591598,677.3617924,-0.578752836,0.027740737,0.272123132,0.983647888,0.992463839,0.040105839,0.000276747,6.82E-07,0.00010861,1.00E-11,3.60E-08,-6.12E-13
047_L_index_2.bmp,47,0.000365642,6297.91722,1623.253709,29.60937723,0.036271159,0.868408649,1.948241334,0.000303558,0.000815633,5757.505103,11510.19528,221.3652158,655.7021974,0.403058041,75325484.73,301253.5554,5.669494435,0.79919128,-0.570977838,0.91539779,0.893951532,593.3553833,13.07606363,1727.404494,-0.571036648,655.7021974,-0.584284707,0.02602245,0.265143806,0.984245621,0.992747951,0.0404085,0.000257614,1.08E-06,0.000117356,1.06E-11,3.23E-08,-9.25E-13
047_L_index_3.bmp,47,0.000369308,6432.677135,1616.145567,29.41236767,0.036328125,0.867383155,1.989584773,0.00030379,0.000860945,5890.030293,11560.74547,230.7537223,688.4182969,0.401338024,82777917.02,322524.9381,5.840074799,0.795734538,-0.568829207,0.913295921,0.892016686,621.1695304,13.39266398,1806.356574,-0.568889317,688.4182969,-0.581079526,0.026466429,0.266949368,0.983849615,0.992462334,0.039376218,0.000219196,9.52E-07,0.000123937,4.89E-12,2.04E-08,-7.31E-13
047_L_index_4.bmp,47,0.000369775,6971.596059,1656.490571,30.40605231,0.037178548,0.866776105,2.006215368,0.000304275,0.000848609,6418.442269,14985.98688,241.5899772,757.2000193,0.389544275,98720464.98,356460.5177,6.288349635,0.765315222,-0.54986122,0.904205176,0.874788494,675.2539409,14.60285034,1953.162291,-0.549955647,757.2000193,-0.568508005,0.03344856,0.293648403,0.982641838,0.991940468,0.037026838,0.00021831,1.34E-06,9.76E-05,9.80E-12,3.27E-08,-2.18E-13
047_L_index_5.bmp,47,0.00039534,7117.878272,1709.793187,31.05701597,0.038639323,0.864945224,1.97180039,0.000328473,0.000864669,6577.725864,14305.54351,254.5353097,784.2637418,0.393613377,103337014.2,375526.4653,6.404451698,0.765407405,-0.549918198,0.903290409,0.874842284,703.9549117,14.89690877,2041.006809,-0.550006707,784.2637418,-0.567843134,0.033515567,0.293924367,0.982407945,0.991703695,0.035874942,0.000197914,8.44E-07,0.000101223,2.77E-12,1.76E-08,6.45E-14
047_L_index_6.bmp,47,0.000373851,7003.073994,1740.467068,30.23816459,0.038655599,0.870874056,1.966355092,0.00031129,0.000823252,6456.953962,13751.13605,251.5062911,763.4657117,0.397176503,98757813.13,361681.7181,6.559109283,0.757468875,-0.544945201,0.89935052,0.870292887,691.3627084,15.03025317,2012.075239,-0.545034282,763.4657117,-0.563421575,0.033125229,0.291642801,0.981745178,0.991707598,0.035707974,0.000191395,1.01E-06,9.52E-05,9.21E-12,3.00E-08,1.14E-12
048_L_index_1.bmp,48,0.000131769,15458.59977,1655.219765,34.17316673,0.03470459,0.89228204,1.890007242,0.000117944,0.000225331,14165.7248,36041.89166,608.751098,1835.176478,0.398834867,351240439.3,1126078.636,10.89295612,0.778419579,-0.558078121,0.904548899,0.882206048,1663.766451,22.94040259,4822.346732,-0.558219835,1835.176478,-0.571813705,0.027778176,0.271268333,0.973629048,0.982169922,0.024723683,0.000155272,4.47E-07,4.79E-05,3.82E-14,2.17E-09,1.10E-13
048_L_index_2.bmp,48,0.000101059,16128.42663,1663.443411,34.27245176,0.034191895,0.90011267,1.913249821,8.90E-05,0.000189014,14888.3637,39051.29993,634.5463593,1936.085262,0.395953004,378661900.5,1198610.869,11.25450911,0.777505278,-0.557513082,0.903948407,0.881679096,1745.617568,23.54343046,5055.122201,-0.557672629,1936.085262,-0.570983251,0.028077453,0.27252651,0.972985453,0.981391481,0.024706098,0.00014697,3.19E-07,5.02E-05,4.43E-15,1.71E-09,7.35E-14
048_L_index_3.bmp,48,0.000161879,14928.13218,1667.349247,32.10135637,0.034757487,0.894060228,1.90137319,0.000138005,0.000308891,13738.03348,35612.07298,575.3928119,1793.799139,0.390815584,325257689.5,1056797.771,10.86998414,0.770441741,-0.553095863,0.901629153,0.877671223,1605.544905,22.79685872,4640.591526,-0.553244613,1793.799139,-0.568400642,0.028994725,0.275967396,0.973425617,0.982481898,0.025889016,0.000174286,4.15E-07,5.30E-05,9.40E-15,2.10E-09,1.02E-13
048_L_index_4.bmp,48,0.000110304,13844.08059,1666.499043,27.77131507,0.035282389,0.887767409,1.809686708,9.62E-05,0.000209139,12601.01583,24686.10022,428.4101512,1190.175303,0.418587319,183283305.9,663253.9445,8.391298164,0.791319858,-0.566090917,0.911758079,0.889527359,1117.76571,18.65639268,3273.290742,-0.566160495,1190.175303,-0.58031092,0.02718198,0.26960769,0.978328084,0.987467182,0.026203195,0.000156751,1.93E-07,5.10E-05,1.30E-17,-1.23E-11,1.86E-15
048_L_index_5.bmp,48,0.000103543,14322.68825,1610.164954,28.38357311,0.034521484,0.883329553,1.887721187,8.93E-05,0.000202893,13035.63623,29194.68772,460.1583406,1268.948236,0.420383067,212366996.2,739362.9957,8.803214358,0.789615941,-0.565033046,0.909538476,0.888565081,1192.329999,19.21908994,3500.98059,-0.565112342,1268.948236,-0.57805662,0.025986316,0.264094384,0.977393254,0.986729845,0.026231261,0.000165045,2.58E-07,5.07E-05,-7.73E-17,2.44E-11,8.18E-16
048_L_index_6.bmp,48,0.000100798,14151.89951,1617.806065,28.91175642,0.034602865,0.886246717,1.814679619,8.74E-05,0.000192921,12865.68791,25460.17075,409.787253,1219.793022,0.4018847,180602951.1,654863.2639,8.525535349,0.799879418,-0.57141088,0.913828627,0.89432804,1108.516969,18.21268409,3211.767947,-0.571474399,1219.793022,-0.583388494,0.023960131,0.255262212,0.978093599,0.987103517,0.02623805,0.000165976,1.86E-07,4.82E-05,1.87E-16,-2.31E-11,-2.99E-15
049_L_index_1.bmp,49,0.000415689,7869.151438,1979.688558,54.3264833,0.044401042,0.870272319,1.971306526,0.000339698,0.001270961,7017.035688,17674.788,270.2154611,841.7947089,0.390999184,105035399.2,383399.6985,7.145766066,0.763256974,-0.548583935,0.903475613,0.873593896,761.4581165,16.08285595,2199.250305,-0.548676229,841.7947089,-0.567718587,0.030919163,0.283293248,0.980242694,0.990849428,0.027378178,0.000105844,1.65E-07,7.36E-05,-3.35E-16,-1.10E-10,5.18E-16
049_L_index_2.bmp,49,0.000470367,7713.722856,1977.089836,53.83143007,0.04416097,0.872052233,1.987014875,0.000400909,0.001142772,6870.390378,17618.26759,253.3282237,797.3496092,0.388543257,100941612.4,362994.1712,6.841832867,0.769332047,-0.552382911,0.904961854,0.877068249,714.3000755,15.36646888,2064.070297,-0.552468218,797.3496092,-0.569613701,0.029791179,0.279197728,0.981013366,0.991317416,0.027938351,0.000101348,3.29E-07,7.96E-05,-1.29E-15,-1.79E-10,3.64E-16
049_L_index_3.bmp,49,0.000416948,7994.993212,2053.745542,60.09016239,0.046207682,0.870473488,1.924374721,0.000348112,0.001060516,7138.249962,17474.9275,276.4959586,897.0492985,0.381370157,117701252.5,413495.0099,7.317600685,0.75889465,-0.545854805,0.901351445,0.871087368,797.1021439,16.44490547,2291.714011,-0.545958916,897.0492985,-0.564823343,0.031981282,0.287175201,0.979944324,0.990521536,0.026251584,9.07E-05,2.48E-07,6.98E-05,-5.89E-16,-1.01E-10,-1.10E-16
049_L_index_4.bmp,49,0.000856571,3752.957071,1959.345297,44.42207216,0.041105143,0.898242121,1.666548327,0.000748584,0.001651009,3443.5562,6688.893247,102.5186635,410.3205175,0.333212913,50469719.1,163381.2292,4.243141474,0.780229536,-0.559181648,0.90677313,0.883270576,334.7076852,9.856515954,928.8790333,-0.55927649,410.3205175,-0.570824868,0.026589197,0.266126911,0.98737116,0.995716556,0.048634203,0.000474156,2.78E-06,0.000146034,1.18E-11,3.93E-08,4.67E-12
049_L_index_5.bmp,49,0.000645728,4156.330139,1919.848721,46.91950438,0.041394043,0.886004762,1.77077387,0.000568218,0.001127169,3773.437033,7845.627209,132.983031,527.0117552,0.335412526,67426036.84,217864.7933,4.888367355,0.785405258,-0.562410599,0.910785332,0.886192515,430.9926979,11.18761442,1197.00279,-0.562506428,527.0117552,-0.576230097,0.027721889,0.271632495,0.985888921,0.994590081,0.044537899,0.000410728,6.42E-07,0.000145778,4.05E-13,7.67E-09,1.79E-16
049_L_index_6.bmp,49,0.000568647,4402.916705,1893.198978,46.2621797,0.040193685,0.893944733,1.698746272,0.000513653,0.000918499,4016.843932,7958.620174,137.4136022,526.3039572,0.343058779,65142289.44,216551.9286,5.013380625,0.793538907,-0.567473205,0.912100695,0.890771264,434.9268605,11.19486752,1214.30682,-0.567557452,526.3039572,-0.578914985,0.024503226,0.257443785,0.985477003,0.994463091,0.045320838,0.00041825,6.91E-07,0.00013646,3.03E-12,2.15E-08,3.48E-13
050_L_index_1.bmp,50,0.000184779,7499.193869,1784.512143,55.9179088,0.041564941,0.852541411,2.073467344,0.00015501,0.000391379,6599.572094,18192.33871,244.7510414,803.6062304,0.37854771,93926198.59,343836.8244,6.985482188,0.764321612,-0.549253285,0.903614839,0.874198837,710.2271992,15.79233865,2049.660004,-0.549351572,803.6062304,-0.56819083,0.030702842,0.282556908,0.9805099,0.991288528,0.026727076,0.000140531,2.35E-07,4.66E-05,4.19E-13,4.98E-09,8.76E-14
050_L_index_2.bmp,50,0.00018358,7656.275835,1686.238027,49.82406719,0.039880371,0.846775689,2.164311795,0.000152784,0.000407282,6700.501404,18737.29344,272.3281665,797.9360533,0.405675615,98410898.78,364453.1253,6.946098586,0.757936875,-0.545252572,0.902802434,0.870540219,739.8555147,16.43527764,2175.589708,-0.545346397,797.9360533,-0.566561513,0.033869152,0.294644285,0.980612022,0.99134261,0.02711328,0.000133428,2.48E-07,5.13E-05,4.97E-13,5.12E-09,6.52E-14
050_L_index_3.bmp,50,0.000152888,9197.866391,1761.660553,56.26061635,0.041300456,0.850814515,2.12100792,0.000128567,0.000322683,8048.947229,21384.87419,384.2898612,1312.792163,0.369277883,168500172.2,613566.3633,9.500607857,0.751019739,-0.540925224,0.895417235,0.866537879,1150.735013,20.20748747,3280.423352,-0.541055252,1312.792163,-0.560336472,0.031043367,0.282603769,0.975088078,0.986399183,0.023936587,9.98E-05,1.32E-07,4.73E-05,5.89E-14,2.78E-09,-2.90E-14
050_L_index_4.bmp,50,0.00023417,9299.607343,1774.713986,62.8342722,0.041353353,0.851616597,2.075202135,0.000186344,0.000575626,8213.881066,20995.6123,411.7739662,1406.292978,0.369347847,192854254.4,683878.8469,9.639242084,0.757008219,-0.544680372,0.897187492,0.869990858,1230.588032,20.55096817,3498.369194,-0.544811544,1406.292978,-0.561424787,0.031542594,0.2851564,0.975200767,0.985740367,0.024450711,0.000104037,1.83E-07,5.12E-05,3.25E-14,2.23E-09,-3.10E-14
050_L_index_5.bmp,50,0.000221582,9199.444713,1790.365025,63.76427041,0.041516113,0.853548426,2.094529497,0.00018602,0.000451537,8144.784522,20884.23875,438.989842,1415.627485,0.3828019,197776013,708571.9109,9.653523177,0.751397569,-0.541160281,0.895650462,0.866759219,1265.881095,21.19698304,3644.117039,-0.54129198,1415.627485,-0.558963037,0.033849929,0.293858726,0.975200802,0.985693182,0.024455125,0.000112187,3.31E-07,4.82E-05,4.11E-15,9.08E-10,-7.98E-15
050_L_index_6.bmp,50,0.000212994,8797.141534,1728.744935,62.25596054,0.040059408,0.852647906,2.046967255,0.000183583,0.000408645,7753.073438,19826.20935,397.7559024,1352.106626,0.370424741,188189997.7,662609.0104,9.290254165,0.762106881,-0.547875089,0.899949793,0.872917593,1179.407042,19.87315705,3360.128226,-0.548007755,1352.106626,-0.565072949,0.030329396,0.280726372,0.976036777,0.986369399,0.026247977,0.000141644,2.05E-07,5.04E-05,1.09E-13,3.49E-09,-6.91E-14
051_L_index_1.bmp,51,0.000115559,13543.98719,1462.069388,26.18119748,0.032210286,0.876134096,1.896424392,9.99E-05,0.000220719,12195.69031,27627.3184,523.2230037,1716.456419,0.378751964,249050878.6,883363.4331,11.27802327,0.740103797,-0.534049176,0.888711486,0.860235803,1528.828456,23.83704147,4403.293808,-0.534177561,1716.456419,-0.550431831,0.034405911,0.294999406,0.971579329,0.982549167,0.025052266,0.000162308,1.73E-07,4.06E-05,-2.15E-14,-8.58E-10,1.23E-14
051_L_index_2.bmp,51,0.000110292,13755.85751,1452.159193,26.34816657,0.031677246,0.879375852,1.907399548,9.55E-05,0.000211893,12420.27759,27822.32175,511.7948774,1714.626727,0.373818807,237761669.9,858952.9065,11.40944535,0.740632262,-0.534382313,0.888177045,0.860542198,1515.23029,23.77181722,4352.594967,-0.534506923,1714.626727,-0.550396674,0.033119621,0.290106479,0.971145619,0.982396705,0.025063126,0.000164451,1.70E-07,3.91E-05,-5.01E-15,-9.85E-10,2.38E-15
051_L_index_3.bmp,51,0.000115245,13498.68215,1460.31941,26.38855241,0.031888835,0.879822509,1.97077081,0.000100617,0.000223442,12146.02722,28939.17843,501.7817536,1731.200559,0.366969295,235639917.5,850647.5068,11.38609802,0.739749997,-0.53383143,0.888443251,0.860022225,1514.432214,23.742001,4327.637039,-0.533966557,1731.200559,-0.550723997,0.033720566,0.292312566,0.971297887,0.982390803,0.025310974,0.00018095,1.55E-07,3.77E-05,-6.47E-15,-8.66E-10,2.32E-15
051_L_index_4.bmp,51,0.000126328,13597.78343,1546.736458,29.52525706,0.03236084,0.89570137,1.711884987,0.000114106,0.000202166,12397.92847,25377.04862,492.8750468,1609.185139,0.379883209,244473082,848124.2397,10.5397641,0.760246953,-0.546695246,0.896182215,0.871874093,1427.684109,22.0688425,4092.129299,-0.546792217,1609.185139,-0.559729936,0.030478166,0.281279793,0.973452695,0.983705169,0.027164586,0.000187906,6.07E-07,5.31E-05,-3.29E-15,1.67E-09,1.77E-13
051_L_index_5.bmp,51,0.000160495,13419.55146,1531.094917,30.10742257,0.031571452,0.901147036,1.709335972,0.000146542,0.000245272,12295.01768,25389.47457,441.7638182,1573.962787,0.359529908,224053692.9,781136.4597,10.24863277,0.769062505,-0.55221401,0.899581116,0.876914977,1345.426663,20.97348755,3804.364613,-0.552310141,1573.962787,-0.564467292,0.028169414,0.272273847,0.974228042,0.984140862,0.028399951,0.000212267,6.12E-07,5.92E-05,-2.97E-15,2.61E-09,1.88E-13
051_L_index_6.bmp,51,0.000117957,13884.89828,1564.688517,29.39115088,0.032218424,0.899003636,1.728586345,0.000106522,0.000192782,12675.97073,26505.96522,492.6892403,1634.858709,0.376068889,247226685.6,857718.4361,10.71495245,0.763957528,-0.549016774,0.89640205,0.874003636,1437.327169,22.00679975,4114.373955,-0.549109317,1634.858709,-0.561094932,0.028649801,0.27393283,0.973045309,0.983344833,0.026989539,0.000194053,5.87E-07,4.91E-05,-5.88E-14,5.00E-10,1.47E-13
052_L_index_1.bmp,52,0.000116323,12329.85231,1670.396822,41.77711355,0.038883464,0.855204156,2.356325141,9.76E-05,0.000252564,10954.16629,45426.89164,592.2392743,1757.563116,0.402606244,266810602.8,945387.9381,11.7115566,0.719363139,-0.520979405,0.884301838,0.848063604,1645.808887,26.11776087,4836.143343,-0.521139283,1757.563116,-0.543198859,0.039895863,0.312583384,0.970343449,0.982017175,0.021242365,7.39E-05,3.61E-07,4.15E-05,2.12E-14,-5.73E-10,9.53E-15
052_L_index_2.bmp,52,0.000112036,12454.38802,1721.818182,44.01655472,0.04074707,0.850857997,2.1396117,9.35E-05,0.000239112,10988.44664,31418.29828,607.5094091,1776.494259,0.406158635,262447618.7,950432.0835,12.05240231,0.712944773,-0.516918493,0.881674769,0.844266675,1680.752492,26.78470682,4951.905989,-0.517082268,1776.494259,-0.540747133,0.040030638,0.312295041,0.969330619,0.981560688,0.01967178,5.98E-05,1.23E-07,3.51E-05,4.84E-15,-1.73E-11,-2.66E-15
052_L_index_3.bmp,52,0.000111776,12394.74315,1769.199444,43.19021661,0.041377767,0.854430048,2.100366935,9.39E-05,0.000234374,10952.95125,30163.72317,636.9521015,1786.231353,0.416293877,261099805,965752.7764,12.31979052,0.701974526,-0.509955472,0.876464665,0.837749708,1729.679503,27.82885657,5137.12155,-0.510119187,1786.231353,-0.533845427,0.042473013,0.319205855,0.968493007,0.981255932,0.019509934,5.84E-05,2.55E-07,3.64E-05,6.74E-15,-2.98E-10,1.03E-14
052_L_index_4.bmp,52,0.0002843,9573.377791,1670.806494,42.40736311,0.039371745,0.851105919,2.362136421,0.000256504,0.000487957,8493.171351,37650.12502,431.2433198,1481.343732,0.367982646,212781826,723401.6621,10.27466938,0.721374645,-0.522252927,0.886874172,0.849246718,1299.728395,22.39661548,3731.595815,-0.522423639,1481.343732,-0.546993358,0.038598656,0.308315191,0.973363789,0.985118897,0.024440207,9.02E-05,4.19E-07,5.57E-05,5.01E-14,-8.40E-10,-7.04E-14
052_L_index_5.bmp,52,0.000301245,9437.555346,1645.472722,40.83150971,0.038838704,0.85119168,2.185087551,0.000271827,0.000505015,8387.647883,28101.12993,419.4610259,1430.657249,0.369642806,204459144.8,697508.5436,9.932796679,0.727470104,-0.526098694,0.888972075,0.852837245,1259.311167,21.83898775,3608.686775,-0.526255808,1430.657249,-0.548950936,0.03823362,0.307557444,0.974230659,0.985644378,0.025243097,9.34E-05,6.37E-07,6.28E-05,7.29E-14,-7.40E-10,-4.89E-14
052_L_index_6.bmp,52,0.000239144,9169.021226,1721.771397,41.45313021,0.040034993,0.857685636,2.248404789,0.000209505,0.000443423,8189.137499,33905.41397,408.5087778,1450.251977,0.360354285,203942996,692095.5355,10.13312499,0.71735665,-0.519707343,0.884794678,0.846883709,1257.523061,22.02999501,3592.77924,-0.519880361,1450.251977,-0.543711116,0.039440695,0.310816582,0.97362088,0.985476972,0.024383358,8.74E-05,4.35E-07,5.69E-05,7.70E-14,1.36E-10,-1.04E-13
053_L_index_1.bmp,53,0.000189483,10487.60771,1744.993781,30.76850307,0.036962891,0.890834784,1.860810104,0.000162636,0.000387274,9704.432521,23321.98475,408.5618455,1072.704873,0.43238091,190622098.8,649254.6542,7.548718244,0.795128899,-0.568460577,0.912329899,0.891665349,1021.333927,17.27405001,3025.30718,-0.568535057,1072.704873,-0.580993206,0.027790486,0.272834848,0.980384199,0.988983148,0.030314968,0.000131598,5.68E-07,9.87E-05,4.36E-14,9.32E-10,1.09E-13
053_L_index_2.bmp,53,0.000190676,10299.49815,1760.258831,30.17566734,0.037508138,0.888538416,1.774157803,0.000163655,0.000369036,9511.520197,18810.35406,379.8203887,1056.053775,0.418376114,166315588.4,592872.231,7.345498644,0.797678123,-0.570043953,0.914957543,0.893095481,981.5778774,16.94500495,2882.111123,-0.57011337,1056.053775,-0.583346189,0.028391059,0.275702598,0.980993081,0.98920079,0.030520934,0.000151928,7.64E-07,9.47E-05,2.24E-13,2.51E-09,1.62E-13
053_L_index_3.bmp,53,0.000192064,10159.15576,1815.835697,31.2048623,0.037963867,0.895257718,1.734143592,0.000165909,0.000367808,9430.434514,18697.3381,390.6560404,1053.744883,0.425772651,173944133.7,608016.0402,7.641657937,0.786895751,-0.563337178,0.908358797,0.887036041,995.7048668,17.36069194,2937.635917,-0.563418389,1053.744883,-0.575553542,0.028140605,0.273642198,0.979924189,0.989075301,0.030444885,0.000140756,3.55E-07,9.26E-05,-3.16E-14,-4.03E-10,5.22E-14
053_L_index_4.bmp,53,0.000205278,9015.848874,1779.424678,33.95661492,0.038545736,0.88130823,1.868692089,0.000174327,0.000417525,8243.523635,16282.65865,324.3504993,972.0071886,0.400260011,132784059,494373.9882,7.279532744,0.804605306,-0.574339287,0.916497215,0.896974298,876.2623706,15.93691419,2542.027517,-0.57439352,972.0071886,-0.586374878,0.024946347,0.26046976,0.980798772,0.989505883,0.031532755,0.000185631,4.96E-07,8.76E-05,-2.22E-15,-3.54E-10,5.64E-15
053_L_index_5.bmp,53,0.000190857,9498.651195,1729.222254,31.80474357,0.038004557,0.876457777,1.888343128,0.000159099,0.000423311,8696.628005,17008.34558,349.4786217,1012.894355,0.408307368,147190600.8,536034.2185,7.675110317,0.796288347,-0.569175292,0.912762943,0.892324371,927.9074143,16.64886324,2707.265827,-0.569231337,1012.894355,-0.581954147,0.025176546,0.260896764,0.979690404,0.988985808,0.0317211,0.000191497,7.86E-07,8.79E-05,-1.93E-14,-1.10E-09,3.87E-14
053_L_index_6.bmp,53,0.000186995,9731.435127,1731.332053,32.26779659,0.037479655,0.881510989,1.901224148,0.000158315,0.000406089,8924.686047,17591.61016,343.4341609,1014.239568,0.403779306,145666287.7,532562.1064,7.468986822,0.803713917,-0.573787255,0.916528701,0.896475637,919.6388375,16.31876008,2673.33111,-0.573843479,1014.239568,-0.586493825,0.025115684,0.26119825,0.980420687,0.989100849,0.031535342,0.000191455,5.27E-07,8.09E-05,2.02E-14,8.79E-10,-3.01E-14
054_L_index_1.bmp,54,0.00022497,8085.920593,1780.127395,36.26613125,0.038802083,0.882969506,1.819283563,0.000194757,0.000426561,7343.695454,14734.37132,304.2681195,963.4611717,0.387120799,116783116,444145.9613,7.764406617,0.770428193,-0.553058582,0.902141221,0.87770774,863.3503285,17,2488.621364,-0.553139585,963.4611717,-0.567176122,0.030031818,0.280145755,0.978972136,0.989446893,0.032159317,0.000108626,1.12E-06,0.000118947,1.06E-13,-2.64E-09,-2.13E-13
054_L_index_2.bmp,54,0.000212511,8529.383132,1830.087028,37.38448926,0.039009603,0.890585463,1.768876455,0.000185446,0.000389377,7798.168842,16301.91806,334.5940627,1040.316329,0.39145929,134236632.1,498408.8534,8.247482409,0.763162703,-0.548514686,0.897921241,0.873555613,939.816973,17.92671551,2720.01001,-0.548600276,1040.316329,-0.562224281,0.030777389,0.282644361,0.977789684,0.988647117,0.031754493,0.000107784,1.17E-06,0.000115355,1.87E-13,-2.13E-09,-2.56E-13
054_L_index_3.bmp,54,0.000207798,8620.063677,1806.201583,40.01261286,0.03931071,0.883013788,1.885689738,0.000179235,0.000397094,7871.109552,19624.9549,342.3212453,1074.297871,0.389245127,140659202.7,518468.6864,8.315079993,0.769674665,-0.552590124,0.90058956,0.877274268,965.6393276,17.97176436,2786.713835,-0.552670786,1074.297871,-0.565848836,0.029748978,0.278928957,0.977787839,0.988366649,0.030249843,9.13E-05,8.47E-07,0.000103677,1.98E-13,-1.21E-10,-2.31E-13
054_L_index_4.bmp,54,0.000283152,6374.22679,1911.080102,49.71804394,0.043570964,0.865468454,1.947598562,0.000238902,0.000596309,5630.620634,13133.53435,212.1641724,634.2198308,0.400860402,62939118.5,253614.5853,6.502103074,0.727347969,-0.526009686,0.888401633,0.852784788,590.1390748,15.4215831,1737.20504,-0.526165317,634.2198308,-0.547323404,0.037968323,0.306689369,0.981031156,0.992744969,0.032396048,0.000169982,9.91E-07,0.000107455,-9.48E-15,5.72E-10,-1.70E-14
054_L_index_5.bmp,54,0.000272254,6903.527644,1940.751478,47.00443397,0.043884277,0.868497917,1.970548941,0.000231072,0.000554926,6174.557076,16732.21607,245.7604365,796.2290023,0.381690815,103372162.3,358761.101,7.073870193,0.72969836,-0.527493156,0.88913598,0.854162118,711.2269292,16.24169604,2060.479535,-0.527646859,796.2290023,-0.548804127,0.038408235,0.308535114,0.980052924,0.991451041,0.03165495,0.000179385,9.61E-07,0.000113336,1.59E-16,-7.44E-11,5.29E-14
054_L_index_6.bmp,54,0.000225402,7387.690063,1961.355626,48.21992605,0.043847656,0.872812709,1.894244718,0.0001927,0.000456012,6595.723262,15257.88876,276.759187,772.0781581,0.417562174,93328284.97,357514.6057,7.078188858,0.738222701,-0.53286571,0.89151146,0.859140214,733.9052381,16.76020957,2178.169391,-0.53300547,772.0781581,-0.551806983,0.03689882,0.30403815,0.979966384,0.991422644,0.029627744,0.000125835,3.21E-07,9.97E-05,1.04E-14,-4.24E-10,1.31E-15
055_L_index_1.bmp,55,6.21E-05,19329.53598,1715.373323,37.53010836,0.037312826,0.88142646,2.196970626,5.38E-05,0.000125612,17374.3448,57358.07082,947.3763007,1973.63291,0.489806539,426827364.6,1482869.282,12.14147698,0.747703655,-0.538827154,0.894709526,0.864645567,2156.965908,29.48435623,6664.528521,-0.538924991,1973.63291,-0.556057031,0.03779833,0.30830648,0.970514646,0.979700554,0.016841575,4.49E-05,3.10E-09,2.52E-05,-1.28E-15,5.22E-11,1.90E-16
055_L_index_2.bmp,55,6.06E-05,19794.99988,1738.043512,36.77339197,0.037744141,0.880622277,2.171083124,5.23E-05,0.000124555,17848.99305,55297.6528,1005.13032,2017.858474,0.499057536,466167940.1,1583097.478,12.35868003,0.743293383,-0.53605464,0.892874469,0.862090607,2248.40707,30.41443837,6996.3163,-0.536150455,2017.858474,-0.55363652,0.03941068,0.31356167,0.97004743,0.979271711,0.016844257,4.70E-05,1.90E-08,2.49E-05,6.84E-17,-4.97E-11,1.08E-16
055_L_index_3.bmp,55,8.36E-05,15523.43283,1723.314666,37.70946324,0.03733724,0.880823932,1.998649189,7.26E-05,0.000165332,13981.53579,37215.01804,783.2878526,1692.138526,0.480734678,338585630.9,1188546.142,11.21504225,0.744255048,-0.536661364,0.89220074,0.862645361,1811.841386,26.87541203,5576.716315,-0.5367695,1692.138526,-0.553739419,0.037536601,0.307015433,0.971864046,0.982215988,0.019809058,5.97E-05,2.39E-09,3.56E-05,-2.20E-15,-1.12E-10,5.43E-16
055_L_index_4.bmp,55,9.07E-05,13951.9367,1709.152606,40.79496801,0.037247721,0.879951123,1.841705795,7.89E-05,0.000166454,12497.24677,28599.52561,539.1278673,1377.526772,0.439069788,205342131.9,781611.5969,9.904716163,0.758862572,-0.545827395,0.898138785,0.871080193,1357.918037,22.51267353,4065.732994,-0.545918511,1377.526772,-0.561133573,0.032400746,0.289025719,0.974390332,0.985060017,0.021807497,8.52E-05,1.62E-07,4.05E-05,-5.41E-18,5.58E-12,-8.33E-17
055_L_index_5.bmp,55,8.52E-05,15200.72288,1728.171904,35.00789249,0.037605794,0.878880732,1.964067034,7.37E-05,0.000167377,13652.74968,33583.88889,755.0660451,1695.837705,0.47103829,319740897.7,1140345.685,11.31994801,0.741378512,-0.534848237,0.890099161,0.860981703,1785.325092,26.80208966,5463.412872,-0.534944625,1695.837705,-0.551812188,0.037288701,0.305834912,0.971528329,0.982109358,0.020086799,6.75E-05,1.61E-07,3.62E-05,3.78E-16,-8.12E-11,1.95E-15
055_L_index_6.bmp,55,8.56E-05,15194.68133,1761.051336,35.17330254,0.037927246,0.883071508,1.97360272,7.42E-05,0.000174241,13735.99895,32280.73516,720.0235997,1760.699794,0.449911306,305667016.3,1106818.308,11.64157064,0.740710633,-0.534428954,0.88940234,0.860592032,1782.573545,26.6975974,5382.377539,-0.534532762,1760.699794,-0.55154864,0.036194089,0.30174666,0.970826689,0.981499035,0.019653169,6.35E-05,8.60E-08,3.47E-05,8.49E-16,-1.28E-10,7.54E-16
056_L_index_1.bmp,56,0.000294203,7714.336656,1520.734617,30.25498701,0.032124837,0.889970403,1.789120204,0.000255069,0.000543677,7138.705024,17074.92919,285.7442068,1182.497084,0.32582327,169669344,550724.8485,7.820038873,0.794056617,-0.567796973,0.910970282,0.89105911,943.2188926,16.13548535,2604.474643,-0.567889669,1182.497084,-0.578804272,0.026816058,0.268299421,0.980016231,0.988439626,0.036398689,0.000346014,5.06E-07,6.62E-05,4.14E-13,1.07E-08,-4.16E-13
056_L_index_2.bmp,56,0.000283953,8204.530857,1555.423461,29.93946069,0.032637533,0.89432803,1.753660473,0.000248565,0.000492813,7623.869434,20647.9601,318.9182937,1295.050984,0.329992967,198160008.8,630792.552,8.493387856,0.78891552,-0.564600419,0.907590392,0.888165669,1041.116994,17.02693628,2880.184222,-0.564704033,1295.050984,-0.575208277,0.026681738,0.267208809,0.978424641,0.987242232,0.035090439,0.000309797,5.75E-07,6.13E-05,1.39E-12,1.69E-08,-7.40E-13
056_L_index_3.bmp,56,0.000303446,8137.698435,1535.351895,31.58382882,0.032080078,0.895974163,1.823509662,0.000267382,0.000538557,7587.113794,21823.8792,320.1623335,1309.177047,0.328456527,213232976.1,658208.1063,8.472125171,0.788578118,-0.564394799,0.907915456,0.887969011,1047.295466,16.82215555,2892.118232,-0.564505857,1309.177047,-0.576137071,0.025890952,0.263533342,0.97851542,0.987338223,0.037040846,0.000348962,4.60E-07,6.83E-05,9.53E-13,1.59E-08,-6.38E-13
056_L_index_4.bmp,56,0.00025253,7779.831763,1654.480112,31.58667601,0.035298665,0.885622413,1.765296366,0.000218591,0.000472024,7123.647423,14511.83859,263.0831514,889.306413,0.371727123,119395328.9,416483.5586,6.805997163,0.792792,-0.567001945,0.912020364,0.890361819,767.153366,15.12486752,2187.871042,-0.56706602,889.306413,-0.579323626,0.028262096,0.274677677,0.981731944,0.990756607,0.035222906,0.000273386,2.74E-08,8.00E-05,1.72E-13,6.37E-09,2.69E-14
056_L_index_5.bmp,56,0.000234959,8158.106245,1637.859278,31.7190924,0.035949707,0.875932929,1.872296715,0.000201031,0.000454556,7374.920607,16937.95223,271.7801855,903.1930144,0.375720652,129406774.7,435398.8393,6.680976419,0.772063456,-0.554085609,0.907711744,0.878631384,790.0942726,15.70618699,2254.696488,-0.554179117,903.1930144,-0.571024087,0.033964706,0.296274226,0.982122198,0.991044499,0.032700985,0.000223751,4.13E-07,8.16E-05,-2.55E-15,3.44E-10,-7.65E-16
056_L_index_6.bmp,56,0.000237568,8124.624837,1658.298921,33.37499998,0.036299642,0.876738134,1.907526473,0.000203426,0.000459015,7367.919933,19137.95471,255.5099803,936.5203935,0.353030698,131841450.6,435139.5602,6.860193865,0.771698324,-0.553858921,0.906911399,0.878421259,787.2674644,15.49774693,2216.210977,-0.553958903,936.5203935,-0.570224077,0.032477545,0.290474528,0.981692771,0.990767527,0.032464407,0.000208673,4.24E-07,7.81E-05,2.39E-14,1.38E-09,-1.39E-14
057_L_index_1.bmp,57,0.000331492,4852.498607,2268.356488,71.25593237,0.051672363,0.86365104,1.930612407,0.000281974,0.000657556,4348.889489,9867.578449,197.0575001,580.3247627,0.40446941,62815743.56,241160.31,6.095363172,0.730946884,-0.528282907,0.887973627,0.85488959,544.0592112,14.54207199,1595.651843,-0.52842172,580.3247627,-0.548337003,0.036526023,0.301602905,0.982034244,0.993455398,0.03159696,0.000127964,9.86E-07,0.000123549,2.61E-12,1.06E-08,-2.96E-13
057_L_index_2.bmp,57,0.000327253,4863.685114,2317.569299,69.71318312,0.051631673,0.873103243,1.87355108,0.000280879,0.000633479,4393.707353,9622.958886,199.6384052,571.5382574,0.411286256,61865959.99,239629.0032,6.107816995,0.731199818,-0.528443712,0.888426424,0.855035532,540.8749747,14.57904347,1598.323086,-0.528588166,571.5382574,-0.549116253,0.036368555,0.301202126,0.981950158,0.993469462,0.03120868,0.000120832,4.73E-07,0.000117818,9.56E-13,6.47E-09,-1.03E-13
057_L_index_3.bmp,57,0.000305881,5697.114009,2213.379458,60.80221773,0.049934896,0.86701414,1.899794854,0.000259908,0.000616439,5103.843873,11023.71997,228.3366911,662.3856933,0.408094456,69434458.58,275375.6441,6.737506667,0.719244022,-0.520891804,0.883853651,0.848013333,626.8701404,16.03268,1849.746282,-0.521043553,662.3856933,-0.543479712,0.038723545,0.308346211,0.98034495,0.992509749,0.02908372,6.68E-05,2.80E-06,0.000133011,2.62E-12,6.36E-09,4.62E-14
057_L_index_4.bmp,57,0.00030797,5541.977952,2235.05975,63.37170448,0.05102946,0.862189639,1.907696799,0.000260294,0.000609369,4944.432304,10912.43101,235.0010658,653.0734465,0.418500991,65802098.88,269426.4443,6.829506882,0.709509549,-0.514725208,0.880844229,0.84225578,632.511132,16.53895496,1883.902293,-0.514879923,653.0734465,-0.538893268,0.041232602,0.315858467,0.979973651,0.992488009,0.028109459,7.09E-05,2.43E-06,0.000118144,2.16E-12,5.99E-09,1.23E-13
057_L_index_5.bmp,57,0.000384279,4585.562986,2253.664515,65.30760974,0.052819824,0.851296975,2.074992803,0.000315595,0.000885093,4083.713739,9448.03399,201.9096546,616.0805078,0.395950282,70784219.49,264300.4552,6.020421558,0.735379788,-0.53107609,0.890108815,0.857481689,564.5192382,14.36151677,1645.49497,-0.531220254,616.0805078,-0.552440394,0.035681334,0.298961904,0.982485884,0.993364449,0.030458708,8.61E-05,9.63E-07,0.000129591,5.47E-13,3.47E-09,-6.91E-14
057_L_index_6.bmp,57,0.000349133,4901.613194,2306.317641,65.85934421,0.05304362,0.858726758,1.980016607,0.000292108,0.000751406,4380.913382,10105.39695,245.0908177,658.3209407,0.426802752,80998810.69,303567.2304,6.434091846,0.718881191,-0.520656174,0.883348192,0.847809166,639.7374498,16.0147887,1912.105309,-0.520796204,658.3209407,-0.542262193,0.04073588,0.315251246,0.9813219,0.992835659,0.030654584,9.11E-05,1.30E-06,0.000129835,4.86E-13,2.97E-09,1.55E-13
058_L_index_1.bmp,58,0.000338853,6647.598244,1731.384157,44.83461348,0.039107259,0.865960784,1.9635123,0.000288354,0.000682488,6037.811147,12902.52376,251.247768,1013.573064,0.331450003,139627131.7,451373.2877,7.777863918,0.745956287,-0.5377272,0.894638691,0.863637113,829.1275163,16.47724536,2308.068675,-0.53782984,1013.573064,-0.556921414,0.032360472,0.287458812,0.978934894,0.989822917,0.031012176,0.000101629,2.91E-07,0.000108082,1.60E-16,1.82E-10,4.08E-15
058_L_index_2.bmp,58,0.000351048,6885.238967,1700.478366,43.81039566,0.03894043,0.861686877,2.155378339,0.000296913,0.000741336,6301.57694,22699.83809,278.8829864,1086.882498,0.339143142,161650439.7,509797.7408,8.090142758,0.736325405,-0.531669296,0.891016502,0.858037163,900.6443963,17.33786559,2521.730147,-0.531787265,1086.882498,-0.551833947,0.03539474,0.298166459,0.97828189,0.989248576,0.030911499,0.000102774,1.86E-07,0.000102179,-7.04E-14,9.52E-10,1.31E-14
058_L_index_3.bmp,58,0.000448894,5570.307921,1704.314484,54.55312854,0.039982096,0.850427942,2.144583874,0.000372811,0.00102255,5059.021018,12804.21248,199.599464,917.4907946,0.303185349,134973190.9,405451.2938,6.917829457,0.723111639,-0.523347571,0.889843283,0.850274548,717.7729911,15.16766796,1962.098093,-0.523513933,917.4907946,-0.549112155,0.039328694,0.310784841,0.981119547,0.991342254,0.033461532,0.000117079,3.73E-07,0.000127413,-2.78E-15,1.11E-10,5.21E-15
058_L_index_4.bmp,58,0.000462722,5230.528163,1606.992081,51.25919026,0.038350423,0.846058607,2.251346869,0.000379687,0.001074344,4763.670115,15563.04356,176.0870945,817.1447686,0.301181136,120156609.1,357744.6312,6.357310424,0.735963302,-0.531455184,0.89596764,0.85780388,635.6958976,13.99953081,1732.642806,-0.531612966,817.1447686,-0.557118551,0.037213016,0.304684963,0.982465817,0.992232069,0.035220624,0.00014165,3.21E-07,0.000140521,2.37E-14,-6.15E-10,6.36E-15
058_L_index_5.bmp,58,0.000362594,6460.232713,1669.186787,38.41858253,0.03815918,0.85963964,2.037001557,0.000308339,0.000746348,5799.552193,13037.67861,228.8295859,926.4425453,0.330656245,119336986.8,395790.613,7.387580195,0.754204179,-0.542902735,0.898110694,0.868406876,755.4595606,15.6555006,2104.147898,-0.542999729,926.4425453,-0.561705958,0.030795659,0.281988863,0.97978277,0.990501823,0.032157767,0.000119103,8.13E-08,0.000106793,2.21E-14,2.04E-09,-1.51E-15
058_L_index_6.bmp,58,0.000435818,6947.696083,1693.951241,39.87675116,0.038541667,0.861602386,2.012015945,0.000381363,0.00079789,6321.803868,15627.62052,247.978775,1036.184768,0.323704026,150388844.3,471407.3796,7.721960599,0.756129287,-0.544113024,0.899340518,0.869510665,832.6364439,16.02501263,2302.633547,-0.544208613,1036.184768,-0.563455965,0.030587552,0.28128968,0.97927905,0.989716047,0.032576758,0.000120125,1.62E-07,0.000111901,2.54E-14,8.93E-10,-1.81E-14
059_L_index_1.bmp,59,0.000131107,10400.58121,1729.970728,42.70605765,0.038224284,0.869412442,2.023238224,0.000111314,0.000275753,9347.143219,22733.59327,294.866756,823.9447421,0.417197795,111996029.8,413551.8237,6.819805798,0.804381644,-0.574207675,0.917119203,0.896839061,774.7378247,15.35235865,2257.027408,-0.574272397,823.9447421,-0.586355849,0.02498876,0.260461837,0.98142662,0.990809688,0.025667708,6.92E-05,2.03E-07,7.47E-05,-2.21E-15,1.93E-10,-8.31E-16
059_L_index_2.bmp,59,0.000133998,9841.449075,1759.890937,44.58601974,0.038598633,0.87312415,1.946525426,0.000115069,0.000269075,8805.713267,19608.0487,260.5329481,723.279155,0.418779854,77373982.05,323652.2149,6.516584488,0.800301437,-0.57167586,0.915589584,0.894559738,685.3688179,14.89071406,2004.468974,-0.571744156,723.279155,-0.584051919,0.025482372,0.262503964,0.981852935,0.991585889,0.025072132,6.99E-05,1.59E-07,6.88E-05,-4.33E-15,2.11E-10,8.05E-16
059_L_index_3.bmp,59,0.000140292,11047.70886,1791.223166,43.62181767,0.039164225,0.874586371,1.950577987,0.000120983,0.000274665,9911.358831,21472.71086,277.0024499,726.0087871,0.432819888,75712828.83,326954.2315,6.556450181,0.786892688,-0.563342469,0.912218881,0.887023559,705.3718459,15.69121041,2098.222135,-0.563430381,726.0087871,-0.57887995,0.029577375,0.279684065,0.981704486,0.991600291,0.024244225,7.97E-05,2.58E-07,5.47E-05,-8.05E-15,8.76E-10,1.17E-14
059_L_index_4.bmp,59,0.000140657,11422.36762,1770.798777,42.41940642,0.038708496,0.873671169,2.021415822,0.000120011,0.000288138,10301.96925,24284.16502,269.4170887,757.3131424,0.415725833,90213131.83,353567.8785,6.449368513,0.799218902,-0.571008004,0.917058586,0.89394773,707.704734,15.00867825,2077.702849,-0.571086971,757.3131424,-0.585447245,0.026797195,0.268544569,0.98225072,0.991541433,0.024600434,8.52E-05,6.62E-07,5.27E-05,4.31E-14,1.49E-09,8.42E-14
059_L_index_5.bmp,59,0.000164189,10117.77859,1714.32757,36.43012125,0.038175456,0.866472112,2.016965651,0.000140051,0.000339159,8991.108342,20372.01872,208.6414152,567.6823047,0.423669765,58492697.95,245827.8701,5.403168796,0.808239878,-0.576598008,0.921286297,0.898991522,539.4653186,13.03084757,1587.402576,-0.576656349,567.6823047,-0.590139933,0.025816042,0.264812016,0.984638486,0.993453921,0.0269428,0.000105994,3.61E-07,6.62E-05,-5.15E-14,-2.91E-10,2.08E-14
059_L_index_6.bmp,59,0.000164231,10188.39624,1727.519689,32.60508237,0.038944499,0.86367929,2.002712494,0.000142139,0.000319033,8985.628944,20589.58136,214.7349673,586.8898515,0.422564491,63916822.48,259806.2321,5.484466079,0.804884798,-0.5745179,0.920221924,0.897122435,555.1406311,13.25073634,1636.964542,-0.574578639,586.8898515,-0.588733089,0.026720458,0.268752544,0.984466431,0.993305096,0.024712425,7.71E-05,1.42E-07,6.33E-05,-1.52E-14,-6.10E-10,3.15E-16
060_L_index_1.bmp,60,0.000304542,6058.858807,1675.044092,40.49357784,0.038248698,0.861105999,2.002042155,0.000248802,0.000714365,5506.164738,11632.88862,262.3035619,733.6091726,0.416945327,94739458.64,358736.4217,6.111316235,0.791846474,-0.566415446,0.911129849,0.889828052,682.6312561,14.55893078,2011.601101,-0.566482547,733.6091726,-0.57858357,0.029091224,0.278295795,0.983145029,0.992143808,0.036007697,0.000114425,1.75E-07,0.000138788,1.80E-12,9.64E-09,-4.86E-14
060_L_index_2.bmp,60,0.000318267,5854.61997,1740.261077,42.84109375,0.038822428,0.871720054,1.956795409,0.000263972,0.000729143,5371.700844,10965.07595,245.9178457,753.7414444,0.394866125,89142137.97,341474.1037,6.393451536,0.78244386,-0.560560821,0.905985666,0.884525931,677.6523261,14.70184553,1970.355513,-0.560636797,753.7414444,-0.572507478,0.029238994,0.278114259,0.982281867,0.991852408,0.03620698,0.000116836,4.43E-07,0.000140072,9.20E-13,5.93E-09,-4.96E-13
060_L_index_3.bmp,60,0.000390742,4637.228991,1650.471011,54.65963966,0.04025472,0.835859382,2.344432534,0.000313472,0.001044225,4110.263343,11219.16877,139.7571061,449.2126475,0.383580401,52293784.07,182941.0315,4.756532495,0.769761976,-0.552652107,0.907679811,0.877312787,401.3970134,11.6907437,1158.127614,-0.552756756,449.2126475,-0.572892097,0.031801316,0.28723623,0.98585615,0.995124978,0.041134558,0.000222793,2.84E-06,0.000173019,1.86E-11,4.87E-08,4.49E-12
060_L_index_4.bmp,60,0.000372206,4743.745008,1580.32758,49.74103618,0.038553874,0.835116016,2.30632024,0.000298684,0.000962941,4200.255561,11219.11156,138.0596528,447.6058755,0.38153911,50744687.04,179029.3868,4.81531242,0.76786791,-0.551470658,0.906760118,0.876227822,398.9945223,11.72127796,1150.452769,-0.551576613,447.6058755,-0.572239683,0.03105157,0.284016939,0.985632417,0.995116082,0.041178141,0.000188868,2.84E-06,0.000161413,3.42E-11,5.86E-08,3.68E-12
060_L_index_5.bmp,60,0.000431642,4253.158946,1883.107417,58.30433629,0.046097819,0.835352396,2.309925403,0.000349172,0.001079469,3753.057311,14319.98676,132.6455224,457.4579364,0.367069309,62228402.73,198680.5366,4.628623123,0.753962906,-0.542767084,0.903166201,0.868243527,396.9320048,11.44501959,1131.744204,-0.542903283,457.4579364,-0.566033773,0.033871537,0.29411611,0.986262235,0.995327186,0.039206288,0.000109711,1.24E-06,0.000178301,5.87E-12,1.65E-08,2.93E-12
060_L_index_6.bmp,60,0.000458998,4178.632463,1898.067791,59.91078,0.046919759,0.830516432,2.375303504,0.000369653,0.001170329,3685.452668,15973.77834,132.2413022,455.171121,0.367517988,68204253.33,208062.9465,4.561097613,0.749497134,-0.539970365,0.902226436,0.86565671,393.7535301,11.34531466,1125.397662,-0.540126025,455.171121,-0.564884817,0.035128102,0.298470814,0.986467113,0.995409229,0.039765264,9.42E-05,9.15E-07,0.000199361,3.71E-12,1.24E-08,1.59E-12
061_L_index_1.bmp,61,0.000548186,5624.416656,2231.12502,82.03873586,0.054732259,0.836791234,2.213092929,0.000475075,0.001079965,4912.751668,15418.09888,275.6984615,763.3187607,0.419422137,94118461.17,343046.8191,7.495529448,0.675614449,-0.49317108,0.870191445,0.821840724,750.5901112,18.6811873,2233.749792,-0.493377372,763.3187607,-0.524399853,0.049313479,0.336658352,0.978254609,0.991633925,0.022432381,4.56E-05,3.19E-07,5.41E-05,2.07E-13,1.68E-09,-5.28E-14
061_L_index_2.bmp,61,0.000737189,6062.052443,2351.949792,79.99232809,0.056453451,0.845390396,2.280342307,0.000648669,0.001580539,5386.212502,21667.86258,310.6582557,949.4332507,0.39557214,138242182.5,456395.2822,8.15780871,0.664704252,-0.486189325,0.865958768,0.815169873,891.951085,19.9606289,2610.107493,-0.486405549,949.4332507,-0.518825103,0.053058665,0.345647741,0.977050559,0.990266525,0.021869634,4.33E-05,9.76E-08,5.41E-05,7.25E-14,1.05E-09,-2.02E-14
061_L_index_3.bmp,61,0.000300658,6613.225834,2322.461316,61.67710831,0.054280599,0.856090289,2.018385577,0.000250865,0.000631746,5928.884689,14980.25488,479.4860814,1360.228988,0.413503327,189390560.8,692852.6637,9.981065499,0.694001108,-0.504881834,0.871233354,0.832983052,1310.436859,24.00775119,3879.005195,-0.505057793,1360.228988,-0.52563735,0.047941157,0.334899254,0.973588377,0.986062964,0.023135914,8.91E-05,2.22E-07,4.07E-05,3.23E-13,4.39E-09,-1.62E-13
061_L_index_4.bmp,61,0.000323034,7508.591227,2282.50199,52.10576232,0.053194173,0.856301576,2.076955009,0.000272849,0.000675042,6775.35531,19915.97343,596.404206,1727.819484,0.408415417,264743621.3,931758.21,11.75254888,0.682402942,-0.497507452,0.86403389,0.825960812,1653.97974,27.33659563,4888.146135,-0.497730584,1727.819484,-0.518506745,0.048661417,0.335703,0.969775977,0.982676213,0.022184334,8.00E-05,2.80E-07,3.88E-05,1.56E-13,3.32E-09,-1.32E-13
061_L_index_5.bmp,61,0.000466304,6253.063356,2120.383805,88.80088281,0.051835124,0.837780638,2.203886281,0.00041605,0.000814666,5484.112581,14014.04422,302.7228355,965.523509,0.385400372,116081883.8,417551.6942,8.60279652,0.689078053,-0.501757862,0.873135519,0.830003829,888.2663669,19.94977356,2594.677227,-0.501935883,965.523509,-0.528802079,0.044884275,0.325129441,0.975786228,0.989529333,0.022050983,6.06E-05,1.20E-07,4.60E-05,3.10E-14,8.68E-10,-1.90E-14
061_L_index_6.bmp,61,0.000661125,6001.711837,2235.387136,88.66076326,0.053458659,0.846516003,2.17737436,0.000583739,0.001405169,5277.392604,13568.05536,306.703695,917.8645613,0.400589957,105804729.1,394441.5132,8.663636121,0.676051959,-0.493448156,0.867002519,0.822111399,872.0742931,20.3559109,2579.376632,-0.493641986,917.8645613,-0.521300876,0.046846702,0.329627236,0.975277124,0.989759875,0.021413375,5.99E-05,2.48E-07,4.07E-05,9.29E-14,1.42E-09,-4.40E-14
062_L_index_1.bmp,62,0.000101364,14099.34772,1619.416021,32.09425021,0.034395345,0.887184426,1.81372527,8.86E-05,0.000186549,12773.3293,28007.80127,639.8077825,1843.531198,0.409722211,282192560.2,1033921.175,12.00682074,0.748240249,-0.539175756,0.891709527,0.864937985,1732.02306,25.71676796,5092.137038,-0.539302607,1843.531198,-0.55511174,0.031612139,0.284840994,0.970088144,0.980761606,0.023623007,0.000167347,2.13E-07,3.20E-05,-2.45E-14,-3.98E-10,2.20E-14
062_L_index_2.bmp,62,0.000104738,13979.65316,1607.3568,31.17346849,0.033939616,0.888106235,1.835902279,9.22E-05,0.000188776,12631.30761,28732.5516,655.8416772,1869.852851,0.412282696,303541382.5,1081691.043,11.89477676,0.751197026,-0.541037812,0.89448951,0.866638146,1761.802811,25.70840464,5182.251768,-0.541174734,1869.852851,-0.55791358,0.032064494,0.286921257,0.970588591,0.980810987,0.024352455,0.000175716,6.62E-08,3.23E-05,-2.37E-15,-7.60E-10,-1.31E-15
062_L_index_3.bmp,62,0.000139746,11489.08416,1649.127641,33.69331721,0.035457357,0.882785974,1.837136215,0.000121536,0.000260965,10367.92572,23250.04848,585.3318681,1664.392655,0.412926765,246480561.2,907753.088,11.44944755,0.730986786,-0.52832071,0.88551756,0.854892703,1581.017262,25.19646278,4667.485605,-0.528476196,1664.392655,-0.54661866,0.035776374,0.299204492,0.970759648,0.982516198,0.02622292,0.000219191,1.44E-07,3.63E-05,-3.22E-14,-1.05E-09,1.37E-14
062_L_index_4.bmp,62,0.00013688,11917.82955,1680.251772,34.58233147,0.036022949,0.884536623,1.797643507,0.000119329,0.00024786,10802.71522,24417.90765,620.5827363,1735.727543,0.416935726,272768554.4,983200.7383,11.50706343,0.735353064,-0.53107549,0.887399037,0.857440207,1656.992362,25.57035481,4899.343705,-0.531230761,1735.727543,-0.548620454,0.036225717,0.30126658,0.970981009,0.982116971,0.025128025,0.000188209,8.19E-08,3.60E-05,-1.08E-14,-9.68E-10,1.33E-15
062_L_index_5.bmp,62,0.000131619,11818.92137,1655.865173,31.19323387,0.035453288,0.885644619,1.792480608,0.00011452,0.000239581,10708.61583,24522.69458,439.4443371,1388.084149,0.387699929,173588948.8,674435.4269,9.824481745,0.779258037,-0.558583304,0.905344946,0.882708698,1246.681473,20.62317168,3594.51737,-0.558676284,1388.084149,-0.571462811,0.026861137,0.267200096,0.974804789,0.984893147,0.025398177,0.000163453,7.12E-07,4.95E-05,-2.33E-14,-9.15E-10,9.63E-14
062_L_index_6.bmp,62,0.000138071,11973.32916,1689.209794,31.54301093,0.035437012,0.894070502,1.833912045,0.000121903,0.000238257,10950.16302,30210.86154,475.4413285,1410.731897,0.402647531,210788338.2,759254.1724,9.546535389,0.785799819,-0.562665371,0.909239419,0.886401635,1293.293201,20.5754412,3759.307201,-0.56276078,1410.731897,-0.576071113,0.027666812,0.271388263,0.975820455,0.985158146,0.026138335,0.000147191,1.14E-06,5.97E-05,-5.07E-14,-2.72E-10,3.36E-13
063_L_index_1.bmp,63,0.000385445,7175.749975,1737.946181,36.82854259,0.038151042,0.878941569,1.788794675,0.000332745,0.000723115,6593.142572,12249.11243,330.2986102,1187.910331,0.357369305,169951724.4,564161.6022,8.907598893,0.731791581,-0.528806757,0.886117485,0.855397803,1017.037855,19.02571658,2891.484063,-0.528917065,1187.910331,-0.546196988,0.03592065,0.299799489,0.97618254,0.987898002,0.030738781,0.000148162,8.92E-07,8.64E-05,-3.77E-14,2.11E-11,2.82E-14
063_L_index_2.bmp,63,0.000421609,7461.66543,1727.286355,35.91360816,0.03791097,0.877010864,1.822354164,0.000368856,0.000767472,6845.916094,13000.16201,347.5108744,1298.991045,0.348554681,188411553.6,616570.0369,9.241747219,0.723473792,-0.523556321,0.884101417,0.850519788,1097.270277,19.91229254,3106.661521,-0.523669895,1298.991045,-0.542659637,0.039034362,0.310082003,0.975678959,0.987118292,0.031512243,0.000175666,9.79E-07,8.16E-05,-1.74E-13,9.04E-10,1.44E-14
063_L_index_3.bmp,63,0.000409294,6822.816048,1743.539394,37.81317938,0.038203939,0.878325281,1.821057114,0.000357307,0.000763017,6246.354634,12793.411,317.28723,1176.15651,0.350452957,159174329.8,534856.6011,8.929430575,0.719317453,-0.520930809,0.88214062,0.848068607,1000.473523,19.31069443,2838.601393,-0.521051929,1176.15651,-0.54052467,0.0386674,0.308369844,0.975998892,0.988024691,0.031531257,0.000168996,7.28E-07,8.43E-05,1.13E-14,-7.18E-10,4.03E-14
063_L_index_4.bmp,63,0.000569304,6043.753799,1670.29965,45.06091374,0.037687174,0.865659658,1.954414426,0.000495236,0.001019567,5481.642913,14119.65903,234.6600171,1091.181459,0.300761439,165113068.4,496655.3045,7.506950865,0.744368068,-0.53673182,0.894909356,0.862711864,848.5673644,15.79097757,2296.383557,-0.536858421,1091.181459,-0.555243753,0.035283591,0.298402406,0.980229198,0.98983312,0.033123095,0.000190457,2.76E-07,8.46E-05,7.57E-14,6.30E-09,-1.38E-13
063_L_index_5.bmp,63,0.000463039,5973.609759,1677.459641,43.63646145,0.038212077,0.861571354,1.891653998,0.000401094,0.000846973,5412.974246,11474.25888,238.9173817,1066.983607,0.30932036,153401023.9,475768.7837,7.759305469,0.732445912,-0.529223413,0.88797253,0.855773896,842.9504666,16.30422125,2306.004989,-0.529352868,1066.983607,-0.547347947,0.035568912,0.298404134,0.979204787,0.989790563,0.033499719,0.000224044,4.03E-07,7.85E-05,5.60E-14,5.98E-09,-1.60E-13
063_L_index_6.bmp,63,0.000406608,6900.55857,1759.881297,43.30474233,0.039632161,0.86733332,1.997628703,0.000343073,0.000837599,6329.519198,18442.78956,304.6238858,1183.888293,0.339767407,178131927.6,559215.2619,8.368111519,0.727248498,-0.525943781,0.88812211,0.852731388,983.8824709,18.52441617,2765.301358,-0.526057454,1183.888293,-0.54606932,0.040205811,0.314416961,0.977887619,0.98859385,0.028832759,0.000128394,1.80E-07,7.12E-05,-4.79E-14,2.05E-09,-1.44E-14
064_L_index_1.bmp,64,0.000271934,5931.599815,1897.834074,44.99687402,0.043017578,0.866889113,1.953388319,0.000232616,0.000566217,5252.380876,10940.77749,149.0115585,426.020967,0.411666727,35329612.73,156408.1525,4.818355908,0.782559597,-0.560638099,0.912167858,0.884583665,403.8903538,11.94115263,1178.34081,-0.560728343,426.020967,-0.577399043,0.029342939,0.278322272,0.985615588,0.994985395,0.032239083,0.000200364,2.53E-07,6.96E-05,1.92E-13,7.31E-09,2.08E-13
064_L_index_2.bmp,64,0.000306887,5449.098021,1809.532486,44.5914583,0.042403158,0.854639895,2.025195266,0.000253023,0.000704442,4796.504337,10482.18714,129.2558073,389.6070265,0.398893869,32015824.64,137458.1101,4.576576315,0.783176655,-0.561023104,0.913255322,0.884931945,359.8293987,11.25942299,1046.347204,-0.561112355,389.6070265,-0.578869523,0.02896444,0.276838534,0.986206427,0.99539299,0.032350464,0.000189885,6.12E-07,7.10E-05,5.25E-13,8.87E-09,6.51E-13
064_L_index_3.bmp,64,0.000351416,4951.01402,1850.182204,44.19657885,0.043082682,0.854964427,2.061009945,0.000289553,0.000835895,4385.039516,9496.083953,116.4887186,339.3614149,0.407103342,30815574.96,124567.1971,4.331103095,0.779374353,-0.558660881,0.911753661,0.882767047,318.4799248,10.59492088,929.7122961,-0.558770677,339.3614149,-0.578201438,0.02762315,0.270598253,0.986689313,0.995943915,0.035393582,0.000242647,1.15E-06,8.23E-05,6.70E-13,9.51E-09,1.13E-12
064_L_index_4.bmp,64,0.000406567,6021.282015,1633.173038,36.89141367,0.037060547,0.858074793,2.144584871,0.000323114,0.001111328,5526.427768,13343.21598,144.7443969,596.0182341,0.326920083,74348196.92,242520.6885,5.409924472,0.749448461,-0.539930713,0.900959858,0.865642737,482.1033456,12.37141538,1341.699601,-0.540059085,596.0182341,-0.565246546,0.034652039,0.296640294,0.984468956,0.993900987,0.038404379,0.000308684,2.87E-06,9.91E-05,2.13E-12,1.49E-08,4.74E-13
064_L_index_5.bmp,64,0.000459003,3264.609986,1443.477702,55.42306229,0.036063639,0.819938212,2.497051914,0.000359096,0.001338361,2816.04444,6936.63067,66.59494323,171.593041,0.437006267,11981634.94,53180.0107,2.87006219,0.81471366,-0.580626991,0.928430915,0.902558451,169.2313504,7.989199402,511.4150276,-0.580727169,171.593041,-0.599315516,0.025010894,0.261364352,0.990732434,0.997828953,0.045373118,0.000540657,6.45E-07,0.000115479,-7.47E-13,-5.13E-09,-4.69E-13
064_L_index_6.bmp,64,0.000477188,3249.19752,1578.574391,57.01056349,0.038517253,0.833597938,2.264304798,0.000382682,0.00125124,2798.727556,6462.781622,71.77473057,152.7735389,0.484445387,3482017.953,34827.56339,3.289498739,0.758506471,-0.54563082,0.906352792,0.870834656,170.4958579,9.243798961,535.7072523,-0.545818473,152.7735389,-0.570596493,0.033346728,0.292372111,0.989043464,0.99786428,0.045720582,0.000509039,8.45E-07,0.000132674,5.29E-13,-9.95E-09,2.66E-13
065_L_index_1.bmp,65,0.000198211,9150.46636,1610.984683,35.94757225,0.037198893,0.860997699,1.944238934,0.000169094,0.000399393,8169.489938,18021.16063,256.3316612,955.5897857,0.349169671,136731613.5,446417.4462,6.975034038,0.77772124,-0.557619744,0.911036425,0.881844551,797.0871665,15.42572367,2236.379896,-0.557703066,955.5897857,-0.576111659,0.030418279,0.282607287,0.981437939,0.990534589,0.027572499,9.41E-05,1.40E-06,8.97E-05,-2.75E-14,9.74E-10,-6.25E-14
065_L_index_2.bmp,65,0.000184626,9319.142086,1598.390833,35.47869921,0.036702474,0.863102859,2.001267115,0.000153736,0.000408135,8406.360342,19182.67007,261.9467411,1020.150074,0.339305519,144235498.4,469041.9759,7.400945906,0.769574718,-0.552532681,0.9074582,0.877209577,840.2274667,15.98276678,2341.345718,-0.552623012,1020.150074,-0.572163565,0.030446571,0.281955084,0.980346118,0.989917086,0.027839402,0.000105688,1.27E-06,8.51E-05,-3.78E-14,9.00E-10,6.37E-15
065_L_index_3.bmp,65,0.000238318,8992.012662,1735.450379,49.27846049,0.043062337,0.832301306,2.265899889,0.000204637,0.000487696,7913.681947,21278.14394,371.0357058,1241.381764,0.37413373,169456449.1,579527.0574,9.704413262,0.689281825,-0.501884623,0.876118915,0.83013169,1114.667626,21.85084313,3225.168708,-0.502036613,1241.381764,-0.533020226,0.044589208,0.324401607,0.973710592,0.987168497,0.024575205,8.84E-05,6.96E-07,6.64E-05,-5.95E-14,6.29E-10,2.11E-13
065_L_index_4.bmp,65,0.000190924,9204.794966,1730.73523,49.30317792,0.042854818,0.833186872,2.236303318,0.000158079,0.000425362,8103.806869,22381.10545,368.4823155,1258.92536,0.369243088,178786852.6,598736.1917,9.491551194,0.700240313,-0.508857125,0.880571371,0.836708248,1113.874964,21.24655309,3206.153768,-0.50901109,1258.92536,-0.538668681,0.042255158,0.318284877,0.97451843,0.987298623,0.024278033,9.10E-05,7.58E-07,6.60E-05,1.99E-13,2.70E-09,2.23E-13
065_L_index_5.bmp,65,0.000240115,10109.35932,1713.015206,42.25822925,0.039864095,0.856737711,2.684866377,0.000206422,0.000475972,9129.578065,64937.39779,312.4379094,1075.18472,0.367567635,176535955.2,555017.2646,7.349674213,0.773504022,-0.554997478,0.910943634,0.879432898,924.0803284,16.63943187,2620.575268,-0.555111275,1075.18472,-0.57574324,0.032901024,0.292270009,0.980869557,0.989636036,0.025724218,9.65E-05,2.37E-06,7.38E-05,8.52E-14,9.49E-10,4.66E-13
065_L_index_6.bmp,65,0.000268861,10284.87167,1797.723185,44.97988061,0.041369629,0.860092327,2.899505333,0.000238559,0.000495891,9270.992829,80063.68723,326.5425454,1126.89688,0.366908445,185377113.5,582999.2375,7.819099711,0.763339553,-0.54864429,0.905023273,0.873627727,968.2421232,17.30795951,2751.923172,-0.548766683,1126.89688,-0.568612145,0.032951327,0.291571058,0.979551419,0.989050489,0.024002067,7.22E-05,1.74E-06,6.68E-05,-2.60E-14,-8.45E-11,2.94E-13
066_L_index_1.bmp,66,0.000235465,8440.84217,1527.17538,27.64313722,0.033760579,0.879168081,1.823553819,0.000201454,0.000465449,7702.462829,15563.10467,281.4044115,1015.925582,0.356512233,146334794.9,485669.2416,7.214287977,0.762245464,-0.547944461,0.903740942,0.873023919,863.3841617,16.29070173,2425.052705,-0.548041201,1015.925582,-0.565558525,0.033677651,0.294143193,0.980939644,0.990106209,0.02954808,0.000187654,1.36E-06,7.79E-05,1.18E-12,7.74E-09,2.01E-13
066_L_index_2.bmp,66,0.000245018,8211.210366,1474.288354,28.95175386,0.033239746,0.870589172,1.875801727,0.000209014,0.000487105,7442.588334,15490.70659,282.3826303,1028.496588,0.35449593,141929651.4,477152.3902,7.583929392,0.748563645,-0.539363827,0.897974628,0.865148632,877.2814495,16.94166284,2463.567238,-0.539468887,1028.496588,-0.558830457,0.034988249,0.297725781,0.979737776,0.989781617,0.030320056,0.000212742,2.09E-06,7.90E-05,1.96E-12,1.04E-08,6.13E-13
066_L_index_3.bmp,66,0.000221302,9045.697334,1489.601104,31.19117407,0.033760579,0.868969378,1.924495686,0.000188153,0.000459608,8194.172089,16538.9789,312.6566977,1166.96103,0.348905765,161675534.3,543203.6586,8.270874686,0.742740426,-0.535708461,0.895660833,0.861767236,985.8327888,18.1803295,2767.855569,-0.53582748,1166.96103,-0.556293499,0.035795441,0.300238653,0.978228881,0.98851263,0.028442109,0.000181838,1.52E-06,6.94E-05,8.06E-13,6.28E-09,5.14E-13
066_L_index_4.bmp,66,0.000218041,8722.796965,1571.823789,32.88084497,0.034200033,0.884233905,1.807304475,0.000190907,0.000412648,7950.470542,15993.3431,308.4469761,1107.954233,0.357657011,150287151.1,514615.3825,7.996753964,0.75388874,-0.5427074,0.89774911,0.868221138,945.6738155,17.73108887,2675.664718,-0.542808119,1107.954233,-0.55899248,0.033914228,0.29436864,0.978850023,0.98895697,0.028393782,0.000172404,2.05E-06,7.36E-05,1.35E-12,7.64E-09,9.68E-13
066_L_index_5.bmp,66,0.000213269,8531.205857,1516.261972,33.87599153,0.033467611,0.877820422,1.808176947,0.000183132,0.000413569,7754.934622,15692.13602,299.7721156,1042.91867,0.365036552,144299484.6,492600.2674,7.562035566,0.76123854,-0.547315656,0.902522524,0.872444012,899.7415675,17.09024753,2553.0772,-0.547415926,1042.91867,-0.564772367,0.033474593,0.293330309,0.979953678,0.989619324,0.029448694,0.000191203,2.32E-06,7.87E-05,2.16E-12,9.66E-09,9.22E-13
066_L_index_6.bmp,66,0.000231277,8479.976447,1485.431259,29.86364522,0.033097331,0.874010236,1.857498627,0.000196851,0.000465868,7711.304193,15307.03395,299.9337206,1203.351433,0.332670955,156094374,532394.3267,8.63090885,0.750134059,-0.54035388,0.895154362,0.866050283,987.8278045,18.05016957,2748.678508,-0.540472316,1203.351433,-0.557086184,0.031757005,0.285384888,0.977259076,0.987960706,0.032098262,0.000256105,2.90E-06,8.77E-05,6.71E-12,2.21E-08,1.45E-12
067_L_index_1.bmp,67,0.000340494,7230.66747,1554.295521,31.1717794,0.03453776,0.872524788,1.841036529,0.000290495,0.000688709,6543.544079,14349.60016,188.9278828,798.6478852,0.321200467,117000168.2,362062.8491,5.940911129,0.780174394,-0.559149934,0.911152018,0.883235282,639.133192,13.09380307,1740.723988,-0.559247173,798.6478852,-0.575693986,0.029181852,0.277382273,0.983928437,0.992358028,0.03908989,0.000350165,1.09E-06,0.000132917,1.87E-12,1.49E-08,-3.19E-13
067_L_index_2.bmp,67,0.000364031,6526.00265,1542.158657,30.26439877,0.034484863,0.871135014,1.903194082,0.000305978,0.000783107,5900.266384,13925.0488,170.4259643,666.7097327,0.338324935,93375894.32,297008.3772,5.348713732,0.781520881,-0.559988608,0.913154984,0.883998997,548.6113922,12.35334039,1515.140224,-0.560081348,666.7097327,-0.577474754,0.030322593,0.282369786,0.985188162,0.993442431,0.039238702,0.000369086,7.07E-07,0.000114198,1.32E-13,4.99E-09,-1.07E-13
067_L_index_3.bmp,67,0.00039924,6724.870283,1534.11926,29.15753089,0.034452311,0.869431378,1.92203837,0.000334212,0.00084819,6123.278151,15135.87614,163.0621162,693.2426236,0.319952945,99508439.14,308949.8329,5.284300907,0.787038524,-0.563428698,0.91544267,0.887112645,551.6103501,11.96855329,1502.517213,-0.56352603,693.2426236,-0.580770034,0.029209511,0.278151197,0.985558374,0.993371793,0.040714973,0.000393267,7.99E-07,0.000131227,1.22E-13,4.55E-09,-1.10E-13
067_L_index_4.bmp,67,0.000352491,7965.016342,1469.799969,27.67826937,0.032552083,0.875710332,1.865375303,0.000307715,0.000648487,7306.166684,16434.10297,192.3743335,779.3146691,0.330523292,117173323.6,360155.2597,5.897135788,0.782450041,-0.560570427,0.912980884,0.884520751,626.2914268,13.1092397,1735.675661,-0.560662669,779.3146691,-0.578858315,0.028722205,0.275789854,0.983962884,0.992495862,0.039404891,0.000366701,1.78E-08,0.000110928,-2.85E-16,4.31E-10,1.40E-16
067_L_index_5.bmp,67,0.00034156,7826.828047,1474.925879,27.53450494,0.032446289,0.877495359,1.886373372,0.000292513,0.000675074,7173.254509,15363.44005,188.1287644,764.9361498,0.329705335,117138210.6,357139.5324,5.73611651,0.789795665,-0.565143547,0.915716628,0.888668296,611.4811185,12.72409341,1694.057057,-0.565226034,764.9361498,-0.582539548,0.027306246,0.270267867,0.98444175,0.9926656,0.039509152,0.000366252,6.44E-08,0.000115445,-5.48E-16,-4.07E-10,8.19E-16
067_L_index_6.bmp,67,0.000459043,8215.272403,1568.282656,24.12291496,0.034733073,0.875010622,1.852309309,0.00039558,0.000897555,7516.534602,15836.86391,179.6575112,782.0713882,0.314808494,120605586.7,361113.0567,5.628655572,0.777438282,-0.557443054,0.912540135,0.8816842,613.1962098,12.68462409,1676.052833,-0.557541962,782.0713882,-0.576595662,0.031105745,0.285453167,0.984874756,0.992726237,0.039538955,0.000409469,1.53E-06,0.000130065,4.09E-13,5.95E-09,-2.16E-13
068_L_index_1.bmp,68,0.000297307,7946.25206,1474.353881,27.02623544,0.034020996,0.86092606,1.970680592,0.000251332,0.000610586,7173.828924,16245.03499,238.2985729,1049.920947,0.312213625,157745500.1,485092.4543,7.481282946,0.753258036,-0.542311051,0.898367875,0.867858669,825.7547846,15.50600157,2260.663807,-0.542425274,1049.920947,-0.560309348,0.033585797,0.29308678,0.980168994,0.989838725,0.030768404,0.000167881,2.15E-06,9.69E-05,1.83E-13,1.93E-09,-1.11E-13
068_L_index_2.bmp,68,0.00028845,7796.727741,1438.906309,26.0859385,0.033247884,0.8604886,1.950340098,0.0002448,0.000572207,7053.115575,14179.61306,221.7833598,912.0434075,0.327212113,126331204.3,409434.6838,6.873492058,0.764501339,-0.549351596,0.903139424,0.874323416,734.8884085,14.6696855,2030.793758,-0.54944515,912.0434075,-0.565939594,0.03144041,0.285645345,0.981470608,0.990921393,0.031147446,0.000190017,2.84E-06,0.000101947,1.03E-12,4.89E-09,-7.64E-13
068_L_index_3.bmp,68,0.00108542,7738.378712,1497.456738,20.94950503,0.033662923,0.869953515,1.900216606,0.000944562,0.002057179,6964.196095,16236.29522,176.4426848,708.850278,0.332369235,104729471.6,326905.4768,5.380102363,0.748818328,-0.539520664,0.900036289,0.865300771,572.3653772,12.54432579,1585.808853,-0.539632796,708.850278,-0.559655945,0.035900225,0.301550521,0.985275629,0.993279933,0.03068567,0.000282162,3.60E-06,0.000104713,4.00E-13,-2.42E-09,-5.00E-12
068_L_index_4.bmp,68,0.000849792,7778.380809,1556.119598,22.35230594,0.034965007,0.870574367,1.862791058,0.000707124,0.001808622,7025.268676,16870.73935,192.9709492,745.4409645,0.341129187,112013933,350241.4925,5.632498362,0.739761582,-0.533827886,0.896590651,0.860046168,612.7059452,13.25289328,1707.397393,-0.5339551,745.4409645,-0.554967335,0.038047989,0.308372058,0.984614435,0.992928903,0.029054345,0.000258399,2.64E-06,9.11E-05,-2.15E-13,-3.66E-09,-2.82E-12
068_L_index_5.bmp,68,0.000722239,9147.092055,1658.21129,25.48036747,0.035819499,0.882305056,1.784111507,0.00064889,0.001141107,8356.353184,15309.84117,467.8161797,1755.807729,0.34763522,276080146.4,900425.2471,11.13350238,0.760043854,-0.546568465,0.895932708,0.871756944,1470.992784,21.97213026,4134.156717,-0.546658285,1755.807729,-0.560852179,0.02847074,0.272682916,0.972229015,0.982665062,0.028545355,0.000195838,8.47E-07,5.95E-05,-2.86E-13,-2.06E-09,3.65E-13
068_L_index_6.bmp,68,0.000381721,8636.827333,1653.996962,25.40194776,0.035957845,0.87784158,1.80319325,0.000334712,0.000690699,7862.084073,13921.02187,426.0562179,1509.357333,0.360844519,225171462.2,759997.4437,10.11146091,0.766008526,-0.550299999,0.899305882,0.875177237,1292.617501,20.62690154,3662.044233,-0.550378255,1509.357333,-0.564563982,0.028854282,0.274854314,0.974258842,0.984721025,0.029970164,0.000232354,8.68E-07,6.10E-05,-4.55E-14,2.16E-10,2.19E-13
069_L_index_1.bmp,69,0.000708472,5112.2767,1502.308914,35.23082484,0.036181641,0.839603927,2.230759699,0.000568473,0.001873464,4666.934179,9124.115248,300.8156227,1113.177194,0.350845663,149660444.9,513678.3004,8.322413677,0.753835324,-0.542666224,0.895132823,0.86820229,935.613996,17.51603218,2642.555372,-0.54275974,1113.177194,-0.558010147,0.031463687,0.284660417,0.977826284,0.988530024,0.041290886,0.00050924,7.03E-08,9.02E-05,1.34E-14,-1.01E-08,-6.77E-14
069_L_index_2.bmp,69,0.000657721,5376.999478,1492.77814,34.89583604,0.035628255,0.843917263,2.193890179,0.000529137,0.001696158,4911.529701,9238.324428,315.9191505,1108.299051,0.363097948,153765349.7,525805.1155,8.327287102,0.751821763,-0.541401495,0.894869526,0.867043144,951.449896,17.85563587,2710.425634,-0.541485856,1108.299051,-0.557401941,0.03283804,0.290011393,0.977770459,0.988579388,0.041279824,0.000505024,1.70E-06,0.000104982,-2.04E-12,-2.20E-10,1.87E-12
069_L_index_3.bmp,69,0.000629767,5903.198644,1655.329881,37.49190999,0.036751302,0.868893832,2.023595005,0.000527337,0.00150469,5476.102306,9153.755248,312.9934367,1131.785126,0.356125532,155206426.8,527388.9622,8.452205255,0.732718011,-0.529381321,0.886528256,0.855954615,963.990506,18.35153984,2740.250227,-0.529474638,1131.785126,-0.546224329,0.037365879,0.305192254,0.977429708,0.98845905,0.041832839,0.000443648,4.52E-06,0.000132309,-6.25E-12,-6.20E-09,9.20E-12
069_L_index_4.bmp,69,0.000681788,5409.130703,1563.892839,37.43406151,0.03527832,0.863051357,2.003546152,0.000565385,0.001593626,5039.535859,8386.180994,244.8359298,1008.547714,0.326837689,127259963.1,432996.0062,7.581492262,0.756367899,-0.544253133,0.897592923,0.869662639,815.1253802,16.00856491,2261.88394,-0.544338894,1008.547714,-0.560462469,0.032462149,0.288843252,0.979687005,0.989743985,0.044767638,0.000480084,2.55E-06,0.000146246,-1.54E-12,-2.41E-08,2.06E-12
069_L_index_5.bmp,69,0.000608511,5530.095764,1608.463725,38.25535312,0.036263021,0.865129432,2.000750648,0.000511428,0.001355662,5135.087216,8874.667237,277.7190598,1009.734626,0.35487457,133172743.8,458493.6152,7.896653112,0.742849746,-0.535765156,0.89104653,0.861849651,856.6685957,17.01499322,2428.639879,-0.535860654,1009.734626,-0.552655589,0.034089713,0.294009733,0.978577902,0.989577426,0.04268553,0.000415814,2.45E-06,0.000143098,-2.79E-12,-1.20E-08,3.17E-12
069_L_index_6.bmp,69,0.000567637,5169.660284,1611.804552,38.74515939,0.036930339,0.859560229,2.002617247,0.000468576,0.001302399,4752.52507,8575.147539,261.6241191,949.7261005,0.355233844,122864837.2,424567.9994,7.58804205,0.741170124,-0.534708737,0.89206525,0.86087385,806.975867,16.58463371,2289.294047,-0.534811276,949.7261005,-0.553366573,0.035314979,0.298451522,0.97925663,0.990165477,0.041861314,0.000424596,2.57E-06,0.000135145,-4.29E-12,-6.77E-09,4.85E-12
070_L_index_1.bmp,70,0.000319536,14211.44431,1593.037243,33.9480514,0.035420736,0.872264524,1.955300269,0.000303046,0.000432927,12692.02739,27740.2743,492.4747125,1513.481547,0.394237638,223642127.9,792568.9357,10.45020193,0.74178716,-0.535108189,0.893671884,0.861214663,1387.048688,22.70742467,4023.574751,-0.535209848,1513.481547,-0.55556073,0.033872578,0.293005829,0.973149485,0.984382794,0.021336726,0.00011414,4.43E-07,3.51E-05,7.41E-14,1.36E-09,-5.24E-15
070_L_index_2.bmp,70,0.000245277,14084.36771,1528.235327,33.94922612,0.034440104,0.867679738,1.94894551,0.000229787,0.000348253,12508.19913,27720.12294,451.2330197,1481.693064,0.378538656,210229910,743333.3691,10.33117907,0.748202337,-0.539142507,0.895219528,0.864930888,1320.200614,21.77340054,3784.448974,-0.539242582,1481.693064,-0.558075379,0.031184811,0.282972868,0.973365092,0.9846453,0.021412429,0.000106836,4.36E-07,3.67E-05,3.33E-14,7.76E-10,-2.58E-14
070_L_index_3.bmp,70,0.000111706,13474.56506,1445.607152,33.51541904,0.031994629,0.872132025,1.937347142,9.60E-05,0.000220585,12171.03201,25774.37077,491.0165872,1539.813747,0.389414299,232135962.3,812212.1317,10.23703793,0.760905243,-0.547110001,0.901505969,0.872248131,1387.681713,22.0625643,4015.066826,-0.547203016,1539.813747,-0.565420389,0.031130154,0.283917346,0.974078458,0.984319768,0.023964553,0.000161014,1.63E-07,3.72E-05,2.21E-14,1.49E-09,2.29E-14
070_L_index_4.bmp,70,0.00012793,13730.79464,1542.947523,31.13103676,0.033121745,0.884237514,1.801093696,0.000114091,0.000216634,12483.87989,25864.96139,495.8381264,1715.763544,0.366279897,259396129.1,884756.1182,11.08031949,0.76110574,-0.547234757,0.898227987,0.872364377,1484.306781,22.54050818,4232.157099,-0.547332029,1715.763544,-0.56303613,0.029053094,0.275341405,0.97226688,0.982701006,0.024506535,0.000163613,2.69E-07,4.13E-05,5.07E-14,2.40E-09,5.38E-14
070_L_index_5.bmp,70,0.000281017,13204.53926,1664.863654,39.63753018,0.038330078,0.858459609,2.08435998,0.000260147,0.000416527,11674.34861,30088.80101,471.5891891,1640.711072,0.365032077,234168547.5,803396.1228,11.18831169,0.715677319,-0.518641362,0.883642725,0.845896372,1443.126442,23.81838265,4119.343858,-0.518773719,1640.711072,-0.543297354,0.037198759,0.30272397,0.971239602,0.983491598,0.020165114,9.40E-05,3.43E-07,3.36E-05,7.87E-14,1.34E-09,-5.24E-16
070_L_index_6.bmp,70,0.000334214,11904.9617,1694.851534,37.03687913,0.038618978,0.86056876,2.073797902,0.00031147,0.000479237,10500.72055,28858.10324,409.7726516,1418.204316,0.366252838,196176509.2,675818.2838,10.23323138,0.721498654,-0.522320507,0.885532404,0.849337278,1250.10284,21.95136138,3562.336407,-0.522446996,1418.204316,-0.545125881,0.036785823,0.301804034,0.973149114,0.985439092,0.020125918,8.82E-05,1.29E-07,3.25E-05,1.66E-14,5.99E-10,-3.89E-15
071_L_index_1.bmp,71,0.000150045,12343.5251,1540.575303,38.99788579,0.035050456,0.867667046,2.575790316,0.00012637,0.000331461,11263.67884,63185.13256,485.8926687,1811.287845,0.349178029,291088347.2,929492.6541,11.50368531,0.720303893,-0.521598113,0.883345019,0.84857964,1534.886048,23.70603531,4341.843417,-0.521831302,1811.287845,-0.543681969,0.036244682,0.299788763,0.971072439,0.982582114,0.025819416,0.000152635,3.05E-07,5.13E-05,1.62E-16,1.19E-09,7.29E-14
071_L_index_2.bmp,71,0.000143938,12340.1552,1643.685008,36.69385345,0.036779785,0.873907596,2.121502349,0.000123038,0.000287495,11224.3587,40064.90818,519.4959292,1744.563557,0.373261769,278978922.3,920239.9325,11.64602423,0.707641468,-0.513560631,0.876340201,0.841112683,1546.64331,24.64788963,4455.651687,-0.513768143,1744.563557,-0.53485544,0.038368547,0.306063174,0.970235935,0.982693406,0.02456123,0.000137599,3.97E-07,4.91E-05,4.57E-14,1.63E-09,1.42E-13
071_L_index_3.bmp,71,0.000214762,8718.375103,1452.993827,37.19373668,0.03190918,0.880622223,1.855415686,0.000185394,0.000411746,7932.673271,18474.00184,238.5580504,1017.057108,0.3193227,138556257.4,444859.0006,7.304560828,0.765255345,-0.549848918,0.904168891,0.874715589,812.575037,15.75789689,2237.221614,-0.549990007,1017.057108,-0.567792452,0.031488531,0.285622397,0.980564919,0.990219306,0.032540785,0.000312453,9.05E-07,6.65E-05,3.15E-13,4.67E-09,-1.42E-13
071_L_index_4.bmp,71,0.00025156,8238.887826,1561.995033,32.53423905,0.034330241,0.87962831,1.848044866,0.000214928,0.000504273,7535.405589,15212.14745,207.7263842,871.3156867,0.322867547,122805905,382961.4267,6.534535047,0.747381121,-0.5386382,0.90019283,0.864437621,701.3933034,14.95547595,1942.28769,-0.538785323,871.3156867,-0.561093909,0.036890043,0.304696589,0.982235955,0.991735086,0.03288374,0.00031761,1.00E-06,6.49E-05,5.22E-14,1.75E-09,-1.26E-13
071_L_index_5.bmp,71,0.000185235,11109.37266,1619.341788,29.967413,0.034354655,0.893062706,1.792116923,0.000161243,0.000357617,10298.35917,21156.16196,508.9385838,1837.814668,0.356443809,266729389.6,913233.458,12.34663774,0.710709736,-0.515471695,0.872890224,0.842991427,1590.436328,24.94289846,4521.673563,-0.515575252,1837.814668,-0.530826301,0.035892377,0.297406255,0.968563266,0.981276546,0.027268216,0.000220227,3.40E-07,4.29E-05,-8.99E-14,-1.04E-09,6.08E-14
071_L_index_6.bmp,71,0.000187543,11435.10636,1594.828161,30.84794789,0.034460449,0.884340494,1.853397745,0.000161846,0.000350146,10540.1324,26435.70591,540.8257825,1954.689461,0.356238677,302632133.8,1006065.267,12.67132203,0.71224705,-0.516451454,0.873852703,0.843893974,1686.002357,25.47387559,4793.47559,-0.516566378,1954.689461,-0.532593023,0.035067321,0.294569347,0.968106046,0.980528958,0.026084328,0.00019298,4.42E-07,4.42E-05,-1.29E-13,1.22E-09,1.57E-13
072_L_index_1.bmp,72,0.000361692,8353.924795,1639.753539,32.50787314,0.039196777,0.843683809,2.201879596,0.00029792,0.000829326,7460.417446,20555.36944,232.5247096,888.7581969,0.343515469,136939680.2,430498.1637,6.335801213,0.755462267,-0.543709299,0.905394993,0.8691042,732.4621638,14.50384909,2045.287245,-0.543858657,888.7581969,-0.568471464,0.034837255,0.298083397,0.983086347,0.991627009,0.027968561,0.000141112,2.19E-06,8.46E-05,4.92E-12,1.46E-08,-9.43E-13
072_L_index_2.bmp,72,0.000360223,8819.909053,1646.035611,31.94154964,0.039200846,0.845018039,2.217777287,0.00029624,0.000839795,7885.714213,24016.02834,257.9451103,982.0647566,0.344400362,153743463,483666.1957,6.697282867,0.753163728,-0.54226896,0.904942933,0.86777766,811.1696656,15.3026907,2264.908762,-0.542426219,982.0647566,-0.567201124,0.03583335,0.301641045,0.982411571,0.990862594,0.027508103,0.00013424,2.52E-06,8.55E-05,7.29E-12,1.74E-08,-1.38E-12
072_L_index_3.bmp,72,0.000368879,9545.543347,1721.305031,31.90297003,0.039302572,0.862151832,2.049913076,0.000315499,0.000738774,8602.859637,22486.78785,289.6774932,1114.685128,0.342000731,172589004.8,547736.4764,7.607239162,0.745295324,-0.537319733,0.899124977,0.863241547,920.2629935,16.65009853,2568.794448,-0.537455255,1114.685128,-0.560967965,0.035458331,0.299325553,0.980106634,0.989442845,0.026880258,0.000158079,2.70E-06,7.18E-05,7.61E-12,1.90E-08,-5.00E-13
072_L_index_4.bmp,72,0.00046013,8795.428101,1629.236654,31.67874579,0.038623047,0.849528726,2.084681518,0.000394723,0.000879322,7851.658739,20465.65364,260.3253013,941.794524,0.356021744,151304691.4,478086.4813,6.581863482,0.757907721,-0.545235691,0.904781326,0.870521237,792.1170151,14.98683066,2224.333686,-0.545376247,941.794524,-0.567239111,0.034632588,0.297487316,0.982595342,0.991089438,0.027906717,0.000143978,2.22E-06,8.55E-05,7.95E-12,1.91E-08,-1.22E-12
072_L_index_5.bmp,72,0.000381115,8355.604896,1707.313784,30.01856516,0.039461263,0.857336372,2.049678402,0.000311609,0.000923288,7497.399084,18655.38433,223.4330661,840.7438566,0.347056081,129191613,409752.3556,6.021689725,0.758603114,-0.545677471,0.90638393,0.87091158,695.9249354,13.94125699,1944.346395,-0.545821251,840.7438566,-0.568907843,0.034544684,0.29725889,0.983882676,0.992091393,0.028131762,0.000155938,2.11E-06,8.20E-05,5.30E-12,1.71E-08,-2.07E-12
072_L_index_6.bmp,72,0.000379386,8553.136561,1732.15347,31.2963297,0.040535482,0.850329756,2.109902599,0.000309272,0.000869643,7640.037891,21374.685,243.6073045,949.9194956,0.339021884,148784610.9,463850.8029,6.552670331,0.746191406,-0.537890598,0.901142774,0.863748718,777.9482704,14.97187673,2164.902393,-0.538056007,949.9194956,-0.561898728,0.036846359,0.304644981,0.982685168,0.991189566,0.027129788,0.000133604,1.70E-06,7.91E-05,3.39E-12,1.23E-08,-1.29E-12
073_L_index_1.bmp,73,0.000446823,12346.20952,1415.391552,28.45779063,0.030362956,0.886622689,1.775651323,0.000420334,0.000628004,11061.21636,23348.95225,493.9622963,1261.857053,0.439333338,172269843.9,689531.2256,9.227731491,0.774175973,-0.555404276,0.90569245,0.879834722,1270.269871,21.09185125,3705.889575,-0.555476786,1261.857053,-0.57068309,0.030679578,0.282742659,0.976064141,0.986071566,0.026165937,0.000173805,2.08E-06,5.65E-05,1.34E-12,6.85E-09,7.96E-13
073_L_index_2.bmp,73,0.000529122,12916.23898,1509.053571,29.03237161,0.032316081,0.886908802,1.783193142,0.000493249,0.000819056,11654.48486,25941.10286,510.1729078,1575.802628,0.393118006,230462914.8,832214.2167,10.38935611,0.768214102,-0.551681191,0.901997196,0.876434516,1449.317436,22.27678493,4137.362052,-0.551764042,1575.802628,-0.566288016,0.030346728,0.280971259,0.973897888,0.983706972,0.025297837,0.000166272,1.14E-06,5.01E-05,2.40E-13,2.44E-09,3.31E-13
073_L_index_3.bmp,73,0.000467653,11742.18838,1538.031149,27.47472124,0.033239746,0.883511858,1.767108398,0.000435399,0.001108896,10502.58366,21268.04709,461.1665937,1293.764793,0.416203506,165104958,652258.942,9.538471257,0.755054311,-0.543434535,0.898129728,0.868898716,1230.496489,21.59376711,3628.473367,-0.543511674,1293.764793,-0.56053639,0.033541744,0.293034838,0.975087104,0.985914358,0.025145983,0.00015467,1.35E-06,5.16E-05,2.91E-13,2.87E-09,4.78E-14
073_L_index_4.bmp,73,0.000550553,12481.6308,1520.444848,28.98317585,0.033158366,0.880206356,1.793778681,0.000508873,0.001266419,11096.32465,23262.9462,511.4799955,1322.040439,0.436240579,177165008.1,708652.2072,9.824877666,0.754652322,-0.543184783,0.897713906,0.868663546,1305.942143,22.41936577,3895.218175,-0.543269957,1322.040439,-0.560686432,0.033426423,0.292525308,0.974350416,0.985370831,0.024041155,0.000147834,1.39E-06,4.67E-05,6.49E-13,4.41E-09,1.96E-13
073_L_index_5.bmp,73,0.000491822,11657.7076,1510.721021,27.91807617,0.032478841,0.883786844,1.767610934,0.00044951,0.001107777,10431.2613,20812.84791,475.1870639,1191.98482,0.443623144,149293632,625359.7885,9.131473765,0.758579987,-0.545643359,0.899361193,0.87092865,1193.025885,21.38387618,3573.612695,-0.545712946,1191.98482,-0.561709749,0.033707087,0.293966558,0.975904046,0.986677142,0.026240798,0.000180922,2.17E-06,5.52E-05,1.52E-12,7.78E-09,1.92E-13
073_L_index_6.bmp,73,0.000492147,11484.27595,1508.697789,28.32850791,0.032434082,0.884696737,1.776187637,0.000437341,0.001015128,10238.85486,20378.95599,473.4430008,1137.88702,0.454205521,140919471,603362.746,9.038990826,0.758055005,-0.545315531,0.899068242,0.870625212,1163.090885,21.24422358,3506.416664,-0.545388991,1137.88702,-0.561480793,0.033381153,0.292633968,0.975921863,0.986971525,0.025787009,0.000167644,1.99E-06,5.56E-05,1.16E-12,6.28E-09,3.15E-13
074_L_index_1.bmp,74,0.000801679,6766.581165,1628.649746,24.90802282,0.035099284,0.886261643,1.742500375,0.000669409,0.001685286,6345.174727,13197.02842,420.725656,1584.681562,0.346838536,211029296.6,745814.7278,10.58724183,0.758388716,-0.545522889,0.891863451,0.870819689,1333.700288,21.25934043,3742.990961,-0.545610075,1584.681562,-0.555210121,0.029177948,0.275398218,0.973140197,0.98379836,0.036638203,0.000524791,1.80E-06,6.41E-05,-2.73E-14,5.26E-09,1.12E-12
074_L_index_2.bmp,74,0.000948813,6359.752677,1625.367549,25.75209555,0.035384115,0.883769233,1.75491684,0.000785477,0.002015893,5937.752045,10533.77082,401.5719361,1456.537027,0.355443052,188840863.7,682538.0496,10.11319426,0.758883557,-0.545830214,0.892114599,0.871108214,1245.062185,20.55392438,3507.942809,-0.545907078,1456.537027,-0.555526321,0.029041696,0.274720744,0.973988597,0.98484483,0.037532419,0.000561626,1.76E-06,6.86E-05,-1.21E-13,3.63E-09,1.05E-12
074_L_index_3.bmp,74,0.000868021,7415.539394,1638.562878,26.43496228,0.035135905,0.887682795,1.920238598,0.000705093,0.002136716,6965.963071,21076.34274,466.7829823,1874.328121,0.332483569,272822428.9,913127.2838,11.46455553,0.762753912,-0.54826915,0.893796789,0.873305431,1534.880173,22.41977941,4268.966201,-0.548381129,1874.328121,-0.55777994,0.028569225,0.273217047,0.971870967,0.981622225,0.034999409,0.000458423,2.01E-06,6.32E-05,-4.80E-13,2.02E-09,1.63E-12
074_L_index_4.bmp,74,0.000797435,8100.291505,1580.065066,26.79635041,0.033317057,0.893015262,1.782202107,0.000666501,0.001660915,7605.303469,21140.06931,459.0630949,1903.743267,0.325365686,299461150.5,952411.1955,11.51261991,0.736378161,-0.531712676,0.881526383,0.858051608,1541.085148,22.39683476,4265.684827,-0.531862543,1903.743267,-0.543198764,0.032358336,0.286281917,0.971663447,0.981898269,0.033682099,0.000357267,1.22E-06,7.03E-05,-1.11E-12,4.16E-09,1.54E-12
074_L_index_5.bmp,74,0.00103532,7316.426709,1521.181969,27.2267236,0.032169596,0.891489175,2.051364834,0.000844468,0.002398121,6923.786579,35143.18255,465.8800468,1880.154234,0.331365644,290048737.8,938698.129,11.31120486,0.746950827,-0.538373571,0.885747324,0.864179232,1535.701393,22.3189294,4266.111292,-0.538544179,1880.154234,-0.548944084,0.030345724,0.27927732,0.972238129,0.982123836,0.037327504,0.000511517,2.69E-06,7.58E-05,4.62E-12,3.22E-08,4.35E-12
074_L_index_6.bmp,74,0.000296912,7350.744973,1533.004642,27.87269245,0.034204102,0.868853601,1.861940497,0.000250825,0.000598171,6640.295746,12245.01413,205.1637664,697.8475354,0.370275409,85802879.87,303672.5133,6.111246018,0.770118995,-0.552868354,0.90684409,0.877526885,604.539412,13.96232931,1729.192363,-0.55294916,697.8475354,-0.571169297,0.030941768,0.284020781,0.982820394,0.992583041,0.034085683,0.000309845,1.28E-06,8.62E-05,2.42E-12,1.51E-08,-2.33E-13
075_L_index_1.bmp,75,0.00015605,8040.797313,1820.747912,64.72720574,0.039990234,0.876693638,1.809081836,0.000135807,0.000284192,7153.315443,15296.78585,345.2489086,925.2359927,0.427369944,102643977,428157.3647,7.896518674,0.752877465,-0.542075093,0.896381207,0.867634875,901.3497616,18.7379177,2677.935183,-0.542170644,925.2359927,-0.55778445,0.035127847,0.298818376,0.978286728,0.989585704,0.029350496,0.000202516,3.81E-07,6.07E-05,-1.68E-14,-5.18E-10,3.94E-14
075_L_index_2.bmp,75,0.000153757,8242.994783,1841.517617,66.78203003,0.041019694,0.871459603,1.822113404,0.000133009,0.000282346,7292.302705,16101.19167,331.7141087,990.7255379,0.401087962,110188447.3,441831.5816,8.160197623,0.755974032,-0.544020256,0.896943798,0.869414235,921.5276443,18.59449434,2683.834496,-0.544120794,990.7255379,-0.559276654,0.033262366,0.291893308,0.977772563,0.989054442,0.028953096,0.000196262,4.28E-07,6.08E-05,-1.01E-14,2.68E-10,4.82E-14
075_L_index_3.bmp,75,0.000155561,8091.815305,1799.168539,67.66233631,0.039599609,0.875395456,1.805791252,0.000134941,0.000283383,7198.241123,15698.58086,329.0910338,949.9501858,0.40930389,105616174.5,427086.5365,7.895193884,0.757647241,-0.545069519,0.898156737,0.870376081,896.2866067,18.37739616,2624.344516,-0.545171855,949.9501858,-0.560474274,0.033875973,0.294417489,0.978426669,0.989490066,0.029936067,0.000196365,7.93E-07,7.36E-05,3.10E-13,3.94E-09,1.25E-13
075_L_index_4.bmp,75,0.000159612,7951.211636,1847.573927,63.46037257,0.04128418,0.871783025,1.834793411,0.000137513,0.000298443,7072.791676,15380.07026,388.5387643,973.3775058,0.443949417,108878880.7,467363.02,8.276656873,0.742061768,-0.535277631,0.892129152,0.861379389,984.4671046,20.11238983,2953.825319,-0.53537439,973.3775058,-0.552655921,0.038266415,0.309111394,0.977307503,0.988962871,0.027974958,0.000190401,2.13E-07,5.28E-05,-1.75E-14,-8.48E-10,1.42E-14
075_L_index_5.bmp,75,0.000158636,8251.098944,1836.631797,62.48961311,0.040897624,0.8719896,1.874528588,0.000136343,0.000304684,7363.768054,16615.46996,424.0709161,1056.211627,0.445388441,132103681.5,535915.2713,8.637230397,0.737923669,-0.532674455,0.889765911,0.858970751,1070.28349,20.96305431,3214.527405,-0.532779134,1056.211627,-0.549844535,0.039130997,0.311707684,0.976566043,0.988258337,0.027938502,0.000184422,3.22E-07,5.55E-05,-5.60E-14,-1.08E-09,5.13E-14
075_L_index_6.bmp,75,0.000172479,6971.36411,1872.838427,56.72383457,0.042179362,0.867517879,1.933434208,0.000147841,0.000351547,6135.66805,13070.42144,237.484384,555.4918755,0.460945929,36624000.62,205647.1705,6.78470565,0.725492148,-0.52485876,0.88745055,0.851662132,589.1821608,16.64978948,1800.392506,-0.525025151,555.4918755,-0.546610046,0.037048937,0.303031831,0.979662955,0.992823993,0.027690972,0.00016679,3.99E-07,5.99E-05,2.14E-14,9.12E-10,-9.67E-15
076_L_index_1.bmp,76,0.000299952,9228.268556,1609.455777,25.1875976,0.034842936,0.884251659,1.777657954,0.000263941,0.000539014,8412.555328,16076.8208,277.587738,946.2447704,0.369770382,148790366.8,481924.8551,6.895354523,0.764596922,-0.549408898,0.901265825,0.874381961,813.5035557,15.52945757,2315.118028,-0.549491709,946.2447704,-0.563904115,0.033423308,0.293397085,0.981621293,0.990671009,0.027170338,8.81E-05,3.25E-06,0.000109997,1.29E-11,1.76E-08,9.23E-13
076_L_index_2.bmp,76,0.00030994,9292.659002,1538.530191,24.59784861,0.03371582,0.876620694,1.814381688,0.000268283,0.000587367,8414.062197,16791.1104,272.6381025,969.9952216,0.359857268,157458020,497126.078,6.853872861,0.770301474,-0.552976588,0.904606297,0.877639774,818.1194595,15.23901138,2309.925965,-0.55305516,969.9952216,-0.567905438,0.032715713,0.291084801,0.98191349,0.990565638,0.027726796,8.05E-05,3.38E-06,0.000120477,1.31E-11,1.67E-08,1.16E-12
076_L_index_3.bmp,76,0.000263505,10284.57327,1619.708749,29.97923296,0.034289551,0.891294639,1.711205436,0.000230929,0.000461354,9457.614615,17231.91882,328.1079421,1236.799016,0.34665405,159385668.1,556865.556,9.374886713,0.725323616,-0.524719138,0.881101654,0.851616228,1042.963204,19.2898015,2941.841736,-0.524833649,1236.799016,-0.541373386,0.033281499,0.289120824,0.974923646,0.987158572,0.027424938,0.000172771,2.14E-06,6.89E-05,4.09E-12,1.41E-08,1.09E-12
076_L_index_4.bmp,76,0.000373636,6556.241927,1770.629608,35.23644524,0.040128581,0.867517447,1.906147654,0.000319565,0.000730096,5879.722604,12744.37761,184.812666,806.2709592,0.314338361,115499137.9,353903.9178,6.435679286,0.739268265,-0.533525578,0.894357908,0.859746275,639.7687796,14.07938985,1759.055108,-0.533673688,806.2709592,-0.555108684,0.035679127,0.299462216,0.982161657,0.992172342,0.028447915,0.000154942,2.28E-06,8.31E-05,2.45E-12,1.06E-08,-1.34E-12
076_L_index_5.bmp,76,0.00026883,9531.941347,1510.008229,30.07666631,0.033349609,0.874283166,1.924627686,0.000230091,0.00051889,8676.448003,20364.0482,320.0058817,1292.814698,0.331136251,208541629.5,637490.4929,8.684073238,0.745258984,-0.537285213,0.893427269,0.86323886,1054.677658,18.10642923,2920.402196,-0.537388429,1292.814698,-0.555943805,0.033916146,0.293421738,0.977503865,0.98768188,0.031081323,0.000204183,4.78E-06,0.000104959,2.22E-11,3.58E-08,2.84E-12
076_L_index_6.bmp,76,0.000334649,10000.92128,1702.136082,26.49511635,0.036604818,0.888374282,1.682635008,0.000309317,0.000486258,9065.506391,16684.31465,321.8341061,978.01193,0.396917074,132179047.2,474607.6898,7.72545823,0.743877954,-0.536411157,0.895182163,0.862447245,893.7667336,17.88732802,2604.782077,-0.536505306,978.01193,-0.555142074,0.036440673,0.302973455,0.979029679,0.989768051,0.024738796,0.000137648,2.54E-06,6.24E-05,1.13E-11,2.21E-08,-1.78E-13
077_L_index_1.bmp,77,0.000199733,8677.686501,1459.57362,34.39026228,0.031856283,0.877770066,1.818351875,0.000172915,0.000377328,7887.497448,15687.19723,298.3980634,1086.108404,0.354626579,164598087.3,529210.8462,7.755317118,0.77348205,-0.554974825,0.904582651,0.879434114,915.5748889,16.76994158,2579.849473,-0.555060954,1086.108404,-0.569345863,0.030163915,0.281090736,0.979555072,0.989253073,0.031576946,0.000232636,1.03E-06,7.73E-05,1.38E-13,2.77E-09,3.00E-13
077_L_index_2.bmp,77,0.000185046,8326.332524,1375.820993,32.8083249,0.030558268,0.871686764,1.881120034,0.000158966,0.000367464,7506.16209,13877.22849,265.8313316,883.2408249,0.375761182,113954362.5,404553.4754,7.185482931,0.780451804,-0.559322196,0.907289583,0.88339353,771.4916812,15.71866869,2211.537627,-0.559394806,883.2408249,-0.573204124,0.027832999,0.271703737,0.980374758,0.990558429,0.032958828,0.000296424,1.26E-06,7.36E-05,4.81E-13,5.77E-09,5.82E-14
077_L_index_3.bmp,77,0.00018916,10356.66542,1421.939855,32.54924952,0.031709798,0.871259307,2.05513208,0.000161265,0.000382421,9483.980448,28877.61632,369.1377031,1649.925202,0.309148039,267369825.7,808241.8626,10.4964267,0.752724335,-0.541992247,0.892142349,0.867525935,1303.0585,19.90973488,3544.697845,-0.542126704,1649.925202,-0.557522071,0.026873363,0.264796282,0.973501154,0.984317123,0.029827446,0.000218218,1.68E-06,7.42E-05,1.45E-12,9.56E-09,5.21E-13
077_L_index_4.bmp,77,0.00019631,8487.252236,1379.356968,32.61970407,0.030692546,0.871530646,1.940862365,0.000167264,0.000402594,7705.203067,18091.59238,272.3000941,1094.233555,0.332354038,145704829.9,488126.4213,8.135455733,0.774361962,-0.555530601,0.903336901,0.879924993,899.9651476,16.48579917,2473.749369,-0.555631595,1094.233555,-0.570259514,0.025985068,0.262478502,0.978354754,0.988793226,0.033505367,0.000313502,1.18E-06,7.56E-05,9.95E-13,9.17E-09,4.69E-14
077_L_index_5.bmp,77,0.000209189,8537.975496,1403.052368,35.73050765,0.031164551,0.8719711,1.905498335,0.00017811,0.000431545,7739.054218,15000.14149,333.9257079,1217.967156,0.354145641,186544367.1,601787.6764,8.525772322,0.762726989,-0.548252026,0.899971621,0.873290503,1027.305004,18.1101075,2901.803075,-0.548358533,1217.967156,-0.563753042,0.031853932,0.287034772,0.977745982,0.987879798,0.033445524,0.000296119,1.61E-06,8.23E-05,9.31E-13,8.69E-09,3.48E-13
077_L_index_6.bmp,77,0.000201098,8506.955398,1414.646798,35.11482166,0.031616211,0.869878218,1.993012743,0.000170832,0.000427707,7674.912064,16762.44233,330.6218138,1246.188668,0.346668764,179728047.7,589589.88,8.895727149,0.754420533,-0.543044087,0.896004899,0.868522766,1043.119172,18.627421,2936.180125,-0.543146722,1246.188668,-0.559551064,0.031519903,0.284900241,0.976656504,0.987434606,0.032063901,0.000272262,1.33E-06,7.34E-05,4.73E-13,6.34E-09,4.69E-13
078_L_index_1.bmp,78,0.000193637,8287.334432,1498.059774,37.58051199,0.033902995,0.865470453,1.901102759,0.000165927,0.000380996,7406.818345,14202.72488,255.3154303,912.1243904,0.358925856,113126858.7,395777.9637,7.322055316,0.760133241,-0.546629306,0.901919113,0.871800804,786.3869257,16.37534261,2219.711173,-0.546728919,912.1243904,-0.564658451,0.032782666,0.29029834,0.979991709,0.990500931,0.028584508,0.000203508,6.03E-07,5.92E-05,6.61E-14,1.75E-09,3.94E-14
078_L_index_2.bmp,78,0.000197816,8268.103851,1592.740029,39.82513014,0.035058594,0.877254141,1.825499407,0.000171824,0.00037169,7462.232354,14085.32525,274.2711329,979.4432054,0.359023021,126708086.8,437004.5159,7.738508627,0.757922349,-0.545242015,0.898784281,0.870534116,844.6424678,16.93318179,2381.984609,-0.545339944,979.4432054,-0.561052206,0.031882732,0.286514111,0.978976843,0.989814258,0.028348867,0.000206532,2.78E-07,5.21E-05,-3.73E-15,-2.43E-11,1.91E-14
078_L_index_3.bmp,78,0.000269638,8169.873576,1479.213784,33.14676212,0.032849121,0.870348342,2.206400959,0.000230072,0.000546248,7440.897115,33597.78342,223.7240193,1028.201447,0.303225073,173170970.6,495227.0393,6.869134814,0.758132221,-0.545400017,0.902683388,0.870613615,796.4536946,14.83451347,2159.63733,-0.545577363,1028.201447,-0.564750296,0.03440067,0.296532188,0.982002698,0.990723556,0.031213257,0.000224286,1.12E-06,8.12E-05,1.21E-15,8.09E-11,-5.46E-14
078_L_index_4.bmp,78,0.000280511,8188.265069,1631.731172,27.91356878,0.035860189,0.876114747,1.892968631,0.000239943,0.000583445,7425.250585,14248.05312,172.8506204,812.1618315,0.298570747,116152299.3,350792.6484,6.195353766,0.754184549,-0.542898241,0.90003754,0.868383451,627.4003249,13.58765071,1703.237104,-0.543009959,812.1618315,-0.561443498,0.033642778,0.2933176,0.983023147,0.992324586,0.029957206,0.000198677,9.94E-07,6.93E-05,-4.45E-17,2.41E-11,-1.15E-14
078_L_index_5.bmp,78,0.000201996,10928.42471,1635.094654,28.44693036,0.035754395,0.878958621,1.919340628,0.000174236,0.000392958,9958.283511,22924.43141,275.5980812,912.8182611,0.376526086,126897924.6,431541.3712,7.287591008,0.76140932,-0.547424784,0.903126741,0.872538619,806.9202725,16.25211806,2297.393084,-0.547520442,912.8182611,-0.567473704,0.031316861,0.284580142,0.98011369,0.990508411,0.023908496,0.000124226,2.14E-06,5.26E-05,5.00E-13,4.00E-09,-8.63E-13
078_L_index_6.bmp,78,0.000215398,9601.40618,1633.816676,25.05492078,0.035274251,0.886045941,1.786566562,0.000187064,0.000405801,8785.70979,17109.98231,214.9150905,582.6183117,0.42461646,57033223.68,243777.7552,5.983208623,0.763913471,-0.548986255,0.904684481,0.873983016,566.8661001,14.328627,1663.570853,-0.549068644,582.6183117,-0.568272037,0.031336681,0.284879442,0.982619702,0.993169597,0.026318413,0.000194711,2.11E-06,5.02E-05,5.95E-13,5.58E-09,-9.37E-13
079_L_index_1.bmp,79,0.000315045,6840.728686,1591.173177,71.62555009,0.038834635,0.83449864,2.254026085,0.0002679,0.000662084,6057.348879,15911.83181,261.5183909,1117.298369,0.318861643,161444314.9,501213.7999,8.072030704,0.733999237,-0.530228047,0.892238887,0.85664108,897.9398343,17.34476732,2482.887655,-0.53038822,1117.298369,-0.553124721,0.03555853,0.298467327,0.978429209,0.98933776,0.031775668,0.000166409,2.64E-06,0.000103377,2.70E-13,2.71E-09,1.55E-13
079_L_index_2.bmp,79,0.00035112,7511.200151,1654.587783,54.96660437,0.039510091,0.844807246,2.148239428,0.000312697,0.00063681,6664.653408,15554.32605,261.3396447,971.2974081,0.349867167,135321104.7,439420.586,7.482987996,0.735625074,-0.531243885,0.894916899,0.857603792,824.4040357,16.99102378,2323.673108,-0.53138229,971.2974081,-0.555437033,0.037268442,0.304764511,0.979628394,0.990420279,0.027574708,0.000133322,6.63E-07,7.30E-05,1.46E-13,2.15E-09,3.69E-14
079_L_index_3.bmp,79,0.000233399,7634.043805,1649.17416,65.87939402,0.039855957,0.841619202,2.117389926,0.000195232,0.000493822,6744.081331,16545.0866,263.5059124,1092.689392,0.32537738,157131414,494091.6735,7.753825277,0.753857021,-0.542708535,0.900827825,0.868170262,882.929148,16.83978288,2448.86521,-0.54284644,1092.689392,-0.563337782,0.03338165,0.292135761,0.979465412,0.989518227,0.028063909,0.000128585,1.13E-06,7.80E-05,3.62E-14,7.77E-10,-2.02E-14
079_L_index_4.bmp,79,0.000558008,7291.259011,1664.392452,47.23639726,0.038936361,0.854554415,2.025883796,0.00051083,0.000888252,6562.171553,13582.52783,305.0358848,1228.840935,0.331760215,177994699.8,568413.5748,8.657852041,0.743570033,-0.536233024,0.89412976,0.862244301,1006.302528,18.28007761,2803.028636,-0.536342645,1228.840935,-0.555574298,0.034406352,0.295069565,0.977238601,0.987992528,0.031688649,0.000176107,1.96E-06,0.000103721,-5.51E-14,2.53E-09,8.49E-13
079_L_index_5.bmp,79,0.000446533,7111.858644,1617.850926,49.7714299,0.038138835,0.849669932,2.127211098,0.000396451,0.000823017,6401.040411,14113.79396,258.9921901,1121.023405,0.31603947,155774304.5,495435.535,8.067184679,0.743020141,-0.535896624,0.895899158,0.861910368,895.1474823,16.99838317,2464.433326,-0.536029246,1121.023405,-0.558478688,0.033884354,0.292886948,0.978554584,0.989126024,0.031708176,0.000177222,2.80E-06,0.000109506,2.87E-12,1.20E-08,1.45E-12
079_L_index_6.bmp,79,0.000214084,7822.077817,1657.453469,58.664215,0.039790853,0.839704122,2.279275078,0.000174488,0.000529344,6945.786123,17456.74486,340.087942,1155.619728,0.370508404,169243563.7,557845.9928,8.682511329,0.721826605,-0.52254129,0.888725715,0.849508782,1015.791602,19.60815057,2921.219135,-0.52269519,1155.619728,-0.548596239,0.039646798,0.311741566,0.976685114,0.988425247,0.027921827,0.00016531,1.99E-07,6.21E-05,1.57E-15,-1.36E-10,3.33E-15
080_L_index_1.bmp,80,0.000289676,8626.44692,1455.504789,21.76804054,0.033268229,0.864567263,1.930843627,0.000243878,0.000620524,7736.786511,16626.7695,258.0367607,850.414087,0.37767011,119384101.7,406112.1984,7.00519665,0.724859007,-0.524431063,0.887559638,0.851334679,752.3117005,16.167377,2161.173897,-0.524560713,850.414087,-0.545615902,0.038743604,0.309125834,0.980554288,0.991319961,0.030534456,0.000156963,4.11E-06,0.000105555,3.30E-12,1.00E-08,9.83E-13
080_L_index_2.bmp,80,0.000268529,9739.51722,1492.718252,23.73469066,0.03384196,0.866338395,2.152272992,0.000224316,0.000571763,8837.44508,32765.1258,319.2651034,1166.474692,0.353761809,186031802.8,586019.1461,8.309171262,0.714587512,-0.517944235,0.882724611,0.845263277,991.4731643,18.31415729,2798.173835,-0.518096219,1166.474692,-0.540393053,0.040019807,0.312351078,0.977936175,0.9887883,0.029250942,0.000122595,6.17E-06,0.000111154,5.83E-12,1.19E-08,5.76E-12
080_L_index_3.bmp,80,0.000328767,7921.491578,1579.572386,32.54591304,0.035396322,0.872738821,1.919731688,0.000279432,0.00068847,7276.845483,15793.90859,321.3725233,1214.546048,0.346073412,172026815.3,572316.8835,9.031119429,0.723872223,-0.523806046,0.881213468,0.850757312,1022.05107,18.72105675,2870.386976,-0.523926512,1214.546048,-0.54087157,0.034101759,0.292099788,0.975873471,0.987727428,0.031878264,0.000277143,3.20E-06,8.53E-05,9.80E-12,2.66E-08,2.16E-12
080_L_index_4.bmp,80,0.000303272,7906.868656,1532.553665,33.74876803,0.034851074,0.86612365,1.98015152,0.000253689,0.000673316,7207.202096,13840.64887,314.6223975,1213.240095,0.341525068,173536060.9,571017.4123,8.915089986,0.734767385,-0.530678509,0.885727526,0.857142857,1010.182042,18.32107148,2827.11084,-0.530787908,1213.240095,-0.546236688,0.033036721,0.289154019,0.976308416,0.987729392,0.033808758,0.000318299,4.49E-06,9.41E-05,1.61E-11,3.67E-08,2.91E-12
080_L_index_5.bmp,80,0.000293636,8173.463838,1574.527039,35.27655634,0.035677083,0.86726287,1.892505211,0.000245846,0.000620373,7440.714341,14342.29759,326.0776144,1296.814411,0.33461718,196906340.3,626751.9229,9.184295632,0.725173164,-0.524631714,0.881381476,0.851515674,1065.03035,18.7104049,2971.111901,-0.524760601,1296.814411,-0.540983307,0.033943689,0.291719753,0.975791942,0.987291525,0.033698027,0.000296312,3.98E-06,9.85E-05,9.25E-12,2.56E-08,1.60E-12
080_L_index_6.bmp,80,0.000303595,7694.873796,1569.968825,30.12542098,0.036039225,0.862703879,2.047118201,0.000255957,0.000670242,6944.577189,15398.39014,293.798099,1112.169406,0.345695322,169674528.1,540214.268,8.380211263,0.725690641,-0.524955753,0.882669457,0.851824072,929.691796,17.49448924,2612.060777,-0.525077352,1112.169406,-0.542146991,0.034743955,0.294794147,0.977405585,0.988937088,0.033052032,0.000253183,4.82E-06,0.000107869,1.15E-11,2.48E-08,2.58E-12
081_L_index_1.bmp,81,0.00018467,14789.83774,1580.502756,40.58598518,0.036698405,0.857135523,2.074221427,0.000170851,0.000279663,13047.16302,34902.61424,486.876945,1537.7241,0.387755343,223342752.7,789692.8892,10.26852959,0.751870097,-0.541458673,0.899530652,0.867029205,1399.326608,22.54813189,4018.289808,-0.541585464,1537.7241,-0.562714622,0.034119391,0.294745592,0.973928157,0.984379499,0.019993189,9.61E-05,2.65E-07,2.81E-05,-3.60E-17,2.91E-15,3.11E-15
081_L_index_2.bmp,81,9.37E-05,14631.12543,1590.594032,37.87857163,0.037223307,0.854170664,2.081843458,7.95E-05,0.000194888,12821.24419,31560.47536,486.0393847,1466.786655,0.398613941,211889326.5,761583.8775,10.00957895,0.75249949,-0.541846392,0.899977121,0.867403677,1360.527334,22.34723703,3934.783847,-0.541954719,1466.786655,-0.562748576,0.034709715,0.297049977,0.974410423,0.984897816,0.019516305,9.27E-05,1.20E-07,2.49E-05,-1.89E-16,6.66E-11,2.17E-16
081_L_index_3.bmp,81,0.000112204,12610.66911,1636.089133,43.69190123,0.038248698,0.856226993,2.03354595,9.44E-05,0.000232346,11173.78558,26659.35552,422.1402716,1456.39023,0.366994604,207557134.6,710933.032,9.943245825,0.742743781,-0.535719998,0.895500183,0.86175434,1278.972378,21.53048519,3631.820993,-0.535843365,1456.39023,-0.55741422,0.035107204,0.297632103,0.974420042,0.985355777,0.021228776,0.000106397,1.54E-07,3.05E-05,-1.35E-15,2.51E-10,1.80E-16
081_L_index_4.bmp,81,0.000117296,12823.64955,1604.034642,42.35096769,0.037845866,0.85183832,2.079615723,9.91E-05,0.000243561,11319.64424,27060.1666,436.9713255,1445.151425,0.376864056,206495007.8,715368.9372,9.830162143,0.739762394,-0.533845069,0.895848489,0.860020369,1290.150926,21.87552337,3695.180694,-0.533973183,1445.151425,-0.557091116,0.036894234,0.303901014,0.974730944,0.985522351,0.021262278,0.000114051,2.47E-07,3.01E-05,-9.47E-17,2.96E-11,4.68E-16
081_L_index_5.bmp,81,0.000349783,13264.8693,1592.394523,47.04423684,0.0372111,0.854526965,2.026209248,0.000310226,0.000553343,11688.32679,27777.4547,474.5015994,1426.49795,0.39952601,204445895.4,734530.2734,9.822498465,0.74658817,-0.538132524,0.898702069,0.863990175,1325.857024,22.27661693,3844.944856,-0.538238183,1426.49795,-0.560540058,0.036753722,0.30401234,0.974760609,0.985364059,0.02098629,9.82E-05,4.02E-07,3.28E-05,-3.11E-16,-1.38E-11,1.17E-14
081_L_index_6.bmp,81,0.000311862,13740.41998,1515.086088,52.68343208,0.035786947,0.850321002,2.197481723,0.000292301,0.000437937,12086.56266,36761.2485,483.3596116,1501.596849,0.39168343,223518018.6,780845.8025,9.893654114,0.754458435,-0.543086018,0.903019115,0.868516305,1372.943038,22.24750946,3954.361108,-0.543215371,1501.596849,-0.5664533,0.035314862,0.299383418,0.974965357,0.984926798,0.021034383,8.89E-05,6.27E-07,3.61E-05,-5.13E-18,-5.45E-13,4.96E-15
082_L_index_1.bmp,82,0.000219063,8606.075987,1605.698993,35.15453471,0.036364746,0.867446992,1.910876413,0.00018739,0.000433563,7749.149186,15777.79398,255.4913463,1000.108708,0.338162224,142757610.5,457145.421,7.379558572,0.754717687,-0.54322831,0.901073127,0.868697279,826.1968713,16.22296569,2303.169473,-0.543323385,1000.108708,-0.563694728,0.033303121,0.292037541,0.980209333,0.990231715,0.029536619,0.000164093,2.45E-06,8.70E-05,1.51E-12,7.40E-09,4.00E-13
082_L_index_2.bmp,82,0.000215277,8359.725168,1570.372403,34.94216448,0.036405436,0.859219333,1.958201804,0.000180888,0.000448212,7489.304929,15183.17448,253.7312468,943.4655104,0.349757587,135850988.5,436387.8348,7.235822359,0.748203618,-0.539141205,0.899527558,0.864934942,795.6594244,16.20722202,2238.82277,-0.539247211,943.4655104,-0.561522921,0.034746668,0.296936799,0.980351198,0.990655875,0.028962212,0.000149366,2.14E-06,8.39E-05,6.76E-13,4.44E-09,3.86E-13
082_L_index_3.bmp,82,0.000729276,8543.475877,1740.820391,33.55811615,0.04144694,0.845284664,2.131462424,0.000612199,0.001844597,7520.096821,17755.28181,280.8170584,951.141776,0.371298966,120620511.3,420840.344,7.894022703,0.714100408,-0.51764153,0.886453723,0.844965709,849.6534678,18.15321627,2422.962001,-0.517785927,951.141776,-0.544825242,0.040254633,0.312942936,0.978117583,0.990163145,0.02473367,0.000121986,4.19E-07,5.22E-05,3.41E-14,9.62E-10,3.08E-14
082_L_index_4.bmp,82,0.000607531,8997.589733,1716.214222,35.02018122,0.040771484,0.847131508,2.17824162,0.000488298,0.001606826,7945.643884,18954.38611,288.2078927,1047.120571,0.355060736,136447681.4,464122.1759,8.190696498,0.719575647,-0.521113518,0.888990059,0.848189581,905.3717823,18.37194668,2556.86513,-0.521266541,1047.120571,-0.548969517,0.03845412,0.307350133,0.977676665,0.989445469,0.025374569,0.000126795,5.01E-07,5.60E-05,4.73E-14,1.19E-09,4.88E-14
082_L_index_5.bmp,82,0.00027081,6700.454407,1666.278701,48.75240505,0.042427572,0.821243087,2.311290582,0.000224375,0.000602338,5770.438018,15592.82722,239.1163275,1012.571992,0.320794486,133754380.9,428028.6346,8.028140112,0.696551849,-0.506525762,0.878586735,0.834478328,828.506017,17.76551097,2302.895557,-0.506719866,1012.571992,-0.535755683,0.042395477,0.317991612,0.977846339,0.990111821,0.026518592,0.000144266,1.35E-06,6.20E-05,1.57E-13,2.04E-09,-3.31E-13
082_L_index_6.bmp,82,0.000251349,6950.798913,1620.091365,47.92267925,0.042643229,0.808284521,2.431417471,0.000205554,0.000589213,5897.867047,16900.09704,250.7157885,935.7990028,0.348892106,126225017,410600.1545,7.490426232,0.70731921,-0.513359376,0.88743754,0.840916173,798.9113682,17.53952425,2264.563546,-0.513522308,935.7990028,-0.545830666,0.043245297,0.321980627,0.97929103,0.990797445,0.024980529,0.000137279,8.21E-07,5.01E-05,3.07E-14,8.72E-10,-9.76E-14
083_L_index_1.bmp,83,0.000244778,6507.693427,1845.717566,44.60566035,0.043888346,0.847226339,2.045067171,0.00020271,0.000533607,5656.926598,13772.19181,196.0412202,585.7983555,0.400955788,65142507.73,242459.6404,5.89029134,0.741026925,-0.534632832,0.897936487,0.860768323,544.1359106,14.53158869,1596.954978,-0.534759493,585.7983555,-0.558309843,0.038043455,0.308311872,0.982816335,0.993520178,0.027522972,0.000128151,3.43E-07,7.16E-05,-2.15E-15,7.59E-10,-3.51E-14
083_L_index_2.bmp,83,0.000253811,6455.017945,1834.017972,43.89842857,0.04267985,0.853314617,2.069763504,0.000213785,0.000537242,5649.987158,14305.4456,185.7615594,596.5822663,0.383769568,67948156.67,245263.1055,5.740431197,0.748970617,-0.539627657,0.899898795,0.865371156,536.0232663,14.01366874,1551.426263,-0.539749542,596.5822663,-0.560629606,0.036126808,0.302191026,0.983378781,0.99360877,0.028197717,0.000126023,4.41E-07,7.59E-05,-2.07E-15,4.37E-11,-8.71E-15
083_L_index_3.bmp,83,0.000232465,6725.254657,1849.052521,46.92319825,0.04251709,0.860161419,1.944740955,0.000198229,0.0004541,5892.765722,13798.98111,193.4506859,528.5483325,0.422637005,59001330.72,226878.0759,5.310438975,0.767765876,-0.551400883,0.908057531,0.87617868,505.2238877,13.59481381,1502.467866,-0.55149374,528.5483325,-0.570607415,0.035409242,0.301439789,0.984537757,0.994101845,0.027668902,0.000131434,1.19E-07,6.48E-05,-4.74E-16,8.53E-11,8.20E-17
083_L_index_4.bmp,83,0.000227857,7065.061921,1820.658107,43.766288,0.042744954,0.852487932,2.020322241,0.000191709,0.000476218,6192.591533,14707.16123,194.1492112,562.7885029,0.408269329,62931023.09,237416.6247,5.484110323,0.765027109,-0.549688483,0.908040026,0.874612165,524.4636985,13.82147054,1545.917137,-0.549781815,562.7885029,-0.570662508,0.035665082,0.302126527,0.984144789,0.993801901,0.026764892,0.000117332,1.16E-07,6.27E-05,-3.73E-16,1.06E-10,2.78E-16
083_L_index_5.bmp,83,0.000283076,6296.7511,1844.67521,45.69886153,0.044352214,0.842337779,2.144836589,0.000230106,0.000674667,5531.147345,14688.83,177.3425959,623.8431954,0.362479141,85269835.22,273634.9081,5.53878531,0.742024616,-0.535269872,0.901803022,0.861333295,539.8274499,13.71351086,1536.230318,-0.535416686,623.8431954,-0.562777648,0.039537144,0.313355982,0.984167201,0.99375119,0.026319152,9.71E-05,1.88E-07,6.97E-05,1.94E-15,-6.21E-10,-7.26E-15
083_L_index_6.bmp,83,0.000267896,6860.442744,1801.148273,47.49552712,0.043534342,0.840197304,2.231862887,0.000217904,0.000633293,6038.904738,19746.40079,193.4047568,747.3914722,0.34104515,111391141.4,341599.6202,5.956026798,0.749497678,-0.539973137,0.903503105,0.865653211,618.8395761,14.04556294,1733.746806,-0.540134836,747.3914722,-0.565705672,0.036909588,0.304941611,0.983471722,0.992815133,0.026178386,9.39E-05,1.31E-07,6.78E-05,2.41E-15,-2.15E-12,-7.08E-16
084_L_index_1.bmp,84,0.000553317,12053.71162,1434.98675,26.12923651,0.031595866,0.87730527,1.82465349,0.000528687,0.000701958,10904.32992,21621.66837,399.0126433,1304.877798,0.379493095,187218642.7,654381.1011,8.831993435,0.760733912,-0.54699609,0.903395446,0.872159998,1154.13743,19.73380344,3312.227412,-0.547082555,1304.877798,-0.565914009,0.033300425,0.292639396,0.977316576,0.986983762,0.026652255,0.000219158,9.01E-07,4.80E-05,5.97E-13,6.64E-09,2.01E-13
084_L_index_2.bmp,84,0.000212254,12407.41249,1393.830194,25.74288728,0.030924479,0.873552839,1.913144192,0.000192657,0.000338576,11199.58028,25260.19014,426.8937219,1403.571026,0.378227243,210423514.2,720518.9682,9.260370251,0.7554874,-0.543710575,0.901082339,0.869141133,1238.254865,20.53441438,3555.427522,-0.543807093,1403.571026,-0.563214709,0.033547886,0.293145137,0.976408975,0.98621443,0.027616529,0.00023958,1.66E-06,5.78E-05,3.35E-12,1.75E-08,8.83E-13
084_L_index_3.bmp,84,0.000171249,11076.13661,1454.721285,33.56975486,0.033935547,0.856346107,1.981570017,0.000149126,0.000315446,9805.607501,22093.11985,386.396809,1315.901705,0.370020422,185176171,642442.2439,9.0066508,0.758665685,-0.545707681,0.902825372,0.870961432,1154.832137,19.74371597,3273.075897,-0.54580217,1315.901705,-0.566198154,0.032236912,0.288023732,0.976749438,0.986885652,0.025395671,0.000190966,2.81E-07,4.05E-05,6.95E-14,2.01E-09,1.62E-14
084_L_index_4.bmp,84,0.000155719,10837.48129,1489.389478,34.46254045,0.033719889,0.868021773,1.959422982,0.000134175,0.000300868,9696.938345,21379.4263,371.2767213,1333.920223,0.35763913,186097031.4,636117.4658,9.11588328,0.756431104,-0.544308633,0.901095984,0.869674391,1148.625098,19.6347896,3226.136083,-0.54441144,1333.920223,-0.564131418,0.031784316,0.285955475,0.976458661,0.986762303,0.026592584,0.000211746,1.88E-07,4.22E-05,6.29E-15,8.26E-10,1.52E-14
084_L_index_5.bmp,84,0.000153504,12020.98005,1393.115823,26.22330516,0.031384277,0.867945235,1.873654436,0.000131476,0.000292286,10877.63336,21367.60343,399.6121566,1552.4003,0.339871419,221823486.2,738072.3099,10.38391903,0.739418183,-0.533611008,0.892330557,0.85984757,1296.682674,21.23562782,3624.706468,-0.533706494,1552.4003,-0.554877064,0.032484957,0.287209612,0.973434999,0.984620673,0.028417834,0.000277669,6.73E-07,4.22E-05,1.72E-13,4.06E-09,2.06E-13
084_L_index_6.bmp,84,0.000244482,11694.77034,1495.396542,28.43627429,0.032222493,0.885503395,1.869368577,0.000224354,0.000372638,10712.70945,27212.63185,400.8049127,1601.759156,0.333543456,232458868.9,761614.6485,10.616023,0.736562551,-0.53181833,0.888745657,0.858175933,1322.821999,21.39640834,3685.794293,-0.531928283,1601.759156,-0.550327191,0.032223762,0.285910434,0.972894807,0.984277758,0.028594558,0.000275332,6.76E-07,4.38E-05,1.11E-13,3.55E-09,2.14E-13
085_L_index_1.bmp,85,0.000276795,8114.834825,1541.758433,35.12917398,0.036275228,0.85241047,2.073134738,0.00023173,0.000598907,7276.1804,15722.03435,314.2913386,1208.480879,0.342213381,159016683,539059.3357,8.823748591,0.732468782,-0.529245893,0.891614739,0.855774474,1024.375927,19.05916246,2849.273103,-0.529379825,1208.480879,-0.552794661,0.036408547,0.301305431,0.976581685,0.98789978,0.028550473,0.000179891,1.82E-06,6.94E-05,3.00E-13,3.72E-09,5.85E-13
085_L_index_2.bmp,85,0.000267802,8202.784731,1618.153692,34.3327312,0.037398275,0.859523791,1.978679445,0.000226045,0.00054626,7346.587209,15528.53982,340.2924554,1235.445934,0.355233739,162082901.4,561955.4999,9.104691179,0.727453041,-0.526083371,0.888293448,0.852834631,1068.054213,19.81329469,3010.255326,-0.526219456,1235.445934,-0.548496774,0.036620252,0.301653942,0.975777739,0.987554095,0.028154085,0.000159806,1.29E-06,7.06E-05,3.18E-14,2.56E-09,4.67E-13
085_L_index_3.bmp,85,0.000434586,4619.415925,1635.641124,45.84264506,0.038317871,0.849905204,2.158625312,0.000360132,0.000981072,4101.991425,11858.04499,166.3714596,658.3792763,0.335726465,94897148.98,290485.9064,5.853203688,0.73621227,-0.531624759,0.894671211,0.857928891,542.2687523,13.4349077,1518.927623,-0.531817426,658.3792763,-0.554746572,0.036834623,0.303257079,0.983235194,0.993449723,0.033228079,0.000253721,3.64E-07,8.53E-05,2.39E-13,4.59E-09,-5.25E-14
085_L_index_4.bmp,85,0.00028988,6656.748662,1572.141855,48.96743129,0.038049316,0.838842269,2.521976291,0.00023611,0.000712591,5953.95167,31897.0922,324.6254481,1317.434138,0.330127575,210173678.5,637633.9866,9.118767456,0.722649506,-0.523081255,0.886576054,0.849961082,1079.703449,19.29701021,3008.766245,-0.523282939,1317.434138,-0.547009368,0.038382363,0.307235947,0.976060446,0.98746232,0.029577005,0.000227468,2.74E-07,5.53E-05,-1.88E-15,3.63E-10,1.62E-15
085_L_index_5.bmp,85,0.000561233,11767.64531,1782.23404,22.41417685,0.038964844,0.877935958,1.820770018,0.000497279,0.000954807,10557.63013,23221.60466,808.9979563,2221.217059,0.421440722,355854811.9,1301859.976,13.58921455,0.711005227,-0.515684736,0.877982341,0.843124652,2161.000814,30.80055277,6437.919089,-0.515847984,2221.217059,-0.53592863,0.041617675,0.31746465,0.966882,0.977680449,0.022140772,0.000115015,1.70E-06,4.15E-05,-6.50E-14,1.80E-09,7.82E-13
085_L_index_6.bmp,85,0.000556522,11642.29534,1797.982147,23.05994087,0.039208984,0.880831149,1.83123421,0.000478592,0.001118808,10535.53668,22989.75939,816.996868,2282.45031,0.417215163,371169833.3,1338501.393,13.73035245,0.710346955,-0.515269155,0.877764133,0.842731346,2204.423086,31.0702037,6548.082167,-0.515442569,2282.45031,-0.535085432,0.042603646,0.32061658,0.966736469,0.977321147,0.022513965,0.000126391,1.61E-06,3.86E-05,-1.67E-13,-1.22E-11,6.75E-13
086_L_index_1.bmp,86,0.000371058,3779.811455,1553.321738,71.24968804,0.037760417,0.835696078,2.289962603,0.000300993,0.000945733,3285.315823,8506.538997,138.3276688,386.2012915,0.417374422,36229735.29,145007.7012,4.66347627,0.753019001,-0.54217446,0.903412575,0.867700114,369.6653501,12.08393325,1098.929593,-0.54230929,386.2012915,-0.566028744,0.035491175,0.300056261,0.98577488,0.995568623,0.038286645,0.000241142,2.30E-06,9.22E-05,3.42E-11,5.53E-08,1.58E-12
086_L_index_2.bmp,86,0.00036279,3671.510966,1539.786932,69.48262477,0.037683105,0.833336065,2.274703215,0.000294343,0.000893864,3159.35196,7668.855267,136.0435192,360.9345234,0.429829318,23614781.54,117183.0909,4.908221422,0.734058772,-0.530251438,0.894032962,0.85669833,358.1660524,12.64166394,1078.607264,-0.530400242,360.9345234,-0.555232519,0.036796932,0.3030017,0.984729059,0.995621575,0.037116852,0.000226253,1.64E-06,9.15E-05,1.60E-11,3.63E-08,1.54E-14
086_L_index_3.bmp,86,0.000393917,3548.223703,1570.985219,73.8545919,0.038594564,0.831825447,2.318905681,0.000319664,0.00098358,3068.506035,7896.321593,126.3204228,351.435795,0.418231918,32653063.87,129486.5927,4.52425086,0.752073561,-0.541582686,0.901964775,0.867152448,337.270462,11.61951859,1004.609436,-0.541714113,351.435795,-0.564616533,0.034142294,0.294908668,0.986016471,0.995901562,0.037634657,0.000227,1.30E-06,9.80E-05,1.17E-11,3.20E-08,1.03E-12
086_L_index_4.bmp,86,0.000479711,3306.584298,1761.431944,60.37849665,0.043713379,0.825529651,2.333459604,0.000376794,0.001302412,2866.155304,7598.345574,87.83357678,294.9816857,0.373251719,33140749.15,110504.684,3.974147378,0.760421524,-0.546831846,0.905323569,0.871932388,260.614883,9.788712516,753.1379101,-0.546981784,294.9816857,-0.571758596,0.030005488,0.279010971,0.987511598,0.996690848,0.037016364,0.000187326,3.24E-07,0.00013791,9.22E-14,-3.95E-09,4.46E-15
086_L_index_5.bmp,86,0.000485319,3176.609704,1697.706466,62.87618453,0.042895508,0.817240795,2.525916681,0.000376337,0.001416485,2728.401642,7177.803311,82.61083516,258.9256615,0.389541602,23275177.9,86325.37789,3.775954537,0.755791482,-0.543937896,0.905763012,0.869259457,236.7026739,9.769881016,695.745158,-0.544102617,258.9256615,-0.571192813,0.032024731,0.286798582,0.987977211,0.997021845,0.036672425,0.000239014,5.65E-08,0.000117883,-7.78E-14,-6.00E-09,2.33E-14
086_L_index_6.bmp,86,0.000424097,4414.086493,1641.6752,63.12220905,0.039302572,0.841304043,2.440281483,0.000346456,0.001162162,3932.847691,9386.057615,96.51058936,288.8085701,0.400615219,25381451.88,97210.42153,4.089806275,0.751424871,-0.541206153,0.904397617,0.866730339,271.0221461,10.59357671,798.8311821,-0.541386686,288.8085701,-0.568696735,0.034132054,0.294488897,0.987092153,0.996619962,0.038138658,0.000221969,5.95E-07,0.000120298,4.10E-12,2.05E-08,1.51E-12
087_L_index_1.bmp,87,0.000103548,17598.17245,1583.034807,23.41296797,0.034033203,0.883775819,2.009495763,9.16E-05,0.000188823,15850.25725,46219.2423,438.004113,1064.399973,0.451464674,149552395.3,588224.0148,8.220979546,0.774788727,-0.555784876,0.908060414,0.880186119,1071.422552,19.48239385,3217.939498,-0.555853701,1064.399973,-0.57216743,0.031696256,0.28765945,0.97819424,0.988191659,0.021343727,7.42E-05,5.82E-07,4.39E-05,-9.32E-17,-8.37E-13,1.26E-14
087_L_index_2.bmp,87,9.52E-05,16760.02576,1620.128531,23.1231495,0.034806315,0.883310915,1.802727069,8.34E-05,0.000168549,15037.35378,33317.20066,432.9804318,1000.165754,0.464052642,133958439.3,550818.806,8.168885868,0.769644095,-0.552567511,0.905462597,0.877262189,1034.648165,19.49339095,3133.921613,-0.552632768,1000.165754,-0.568783383,0.032149398,0.28904066,0.978005768,0.988521178,0.020743336,6.73E-05,6.54E-07,4.37E-05,1.92E-15,9.76E-11,5.74E-15
087_L_index_3.bmp,87,9.56E-05,15543.5244,1613.022479,24.20289967,0.035257975,0.878182164,1.851853104,8.30E-05,0.00017884,13857.67225,30164.52701,370.5746986,958.6793221,0.436030801,109662818,465552.888,8.032125206,0.769901046,-0.552732186,0.905297442,0.877402526,944.3611288,18.62842594,2808.884385,-0.552801526,958.6793221,-0.569161543,0.031026559,0.284442026,0.978181037,0.988953665,0.019732092,6.16E-05,3.54E-07,3.90E-05,1.87E-15,1.42E-10,-1.07E-14
087_L_index_4.bmp,87,9.51E-05,15999.68415,1618.280758,24.66663691,0.035038249,0.879969077,1.851139349,8.30E-05,0.000174518,14286.82262,32050.71878,388.8652871,1022.160905,0.432128111,128589232.1,516771.5955,8.229271731,0.771792888,-0.553914806,0.905613395,0.878480028,999.8560608,18.87476152,2955.071797,-0.553985857,1022.160905,-0.569725154,0.030367287,0.2818586,0.97787922,0.988487486,0.019846397,5.88E-05,3.03E-07,3.96E-05,-7.75E-16,-3.83E-11,-1.23E-14
087_L_index_5.bmp,87,9.74E-05,15757.95692,1601.667257,22.96662268,0.034586589,0.881152875,1.826811757,8.42E-05,0.000188252,14129.03601,29286.42223,361.5214783,895.5848108,0.446727353,105830649.2,447182.7857,7.574930914,0.777472438,-0.557460202,0.909144271,0.881709912,898.9113183,17.94682204,2684.063266,-0.557526126,895.5848108,-0.573699147,0.03090724,0.284616239,0.979364424,0.989641512,0.019849118,5.69E-05,1.61E-07,3.97E-05,1.08E-17,-3.38E-11,-3.03E-15
087_L_index_6.bmp,87,9.86E-05,15636.81587,1636.159394,23.43362691,0.03556722,0.87772006,1.873678605,8.47E-05,0.00019708,13972.20097,29846.08931,381.459681,939.4883712,0.448177006,112336188.1,473530.4111,7.800201705,0.76839323,-0.551789785,0.906281145,0.876541995,949.883621,18.71421895,2836.481565,-0.55186336,939.4883712,-0.569499405,0.032649981,0.290824941,0.978826694,0.989307651,0.019819013,6.11E-05,2.59E-07,3.80E-05,-1.79E-16,-2.76E-11,-6.69E-15
088_L_index_1.bmp,88,0.000150016,9748.549365,1782.495728,39.59784491,0.040506999,0.868654753,1.893715396,0.000129302,0.000284811,8604.807243,19953.22352,406.174478,1046.650333,0.437012721,147265782,557121.7263,7.858674666,0.754548683,-0.543122549,0.902147388,0.868599512,1035.645581,19.48532814,3072.454272,-0.543227452,1046.650333,-0.562208366,0.038204308,0.310259842,0.979120242,0.989024999,0.023673219,0.000114187,2.76E-07,4.70E-05,2.25E-14,8.56E-10,2.13E-14
088_L_index_2.bmp,88,0.00015221,9545.812542,1764.057778,38.15280226,0.040140788,0.868058363,1.868379384,0.000131665,0.000282115,8388.869446,19414.83115,388.8888527,1026.45588,0.431117971,137638259,529427.1833,8.00349549,0.753268063,-0.542317596,0.899978732,0.867864046,1005.846547,19.21979704,2972.517563,-0.542414719,1026.45588,-0.561057288,0.036045856,0.302311016,0.978504172,0.989015446,0.024419339,0.000127431,5.18E-07,4.97E-05,8.54E-14,1.64E-09,3.88E-14
088_L_index_3.bmp,88,0.000142188,10026.60783,1706.010351,37.37052946,0.039440918,0.861225754,1.916185415,0.000121932,0.000270872,8771.717999,20241.55679,415.8967896,949.5683609,0.466978088,124497300,511608.6953,7.765251,0.750322964,-0.54046363,0.900625516,0.866173223,999.412263,19.76704172,3025.507792,-0.540553012,949.5683609,-0.560588382,0.039401795,0.313996307,0.978936688,0.989421714,0.024018537,0.000132713,4.64E-07,4.38E-05,1.85E-14,6.48E-10,2.66E-14
088_L_index_4.bmp,88,0.000134169,10389.85424,1731.024828,37.83516861,0.039640299,0.864516715,1.956123817,0.000115086,0.000264269,9113.837437,21971.94305,420.0511101,1034.203123,0.448251669,137603555.8,546487.4842,8.115501839,0.750242436,-0.540416626,0.899973538,0.866121162,1048.814404,20.0602207,3138.753348,-0.540512293,1034.203123,-0.56030803,0.038095768,0.309405087,0.978232837,0.988742483,0.023269992,0.000123975,2.26E-07,3.98E-05,-1.87E-15,9.79E-11,1.43E-14
088_L_index_5.bmp,88,0.00015008,9699.581409,1741.64338,37.1796987,0.040433757,0.860244206,1.911951006,0.000127741,0.000289706,8502.399751,19998.6105,430.9475257,1144.10049,0.429660599,154812587.9,591935.4161,8.707561916,0.734353306,-0.530424715,0.893022082,0.856889784,1115.989014,21.0548126,3333.815828,-0.530544106,1144.10049,-0.55195684,0.040249098,0.31544866,0.976805756,0.98784136,0.024125492,0.000124938,4.76E-07,4.81E-05,2.10E-14,1.03E-09,7.46E-14
088_L_index_6.bmp,88,0.000146561,9963.222648,1726.035145,38.48809588,0.040063477,0.85974405,1.964224445,0.000124837,0.000292815,8739.141802,21020.2522,409.7509255,1156.236901,0.414783218,153105736.6,580613.4326,8.554461728,0.744513587,-0.536823964,0.896930427,0.862795205,1093.395936,20.37287118,3232.459365,-0.536943023,1156.236901,-0.557048142,0.037920374,0.308408411,0.977387915,0.98793423,0.023822288,0.000119065,2.43E-07,4.51E-05,1.51E-15,2.56E-10,1.41E-14
089_L_index_1.bmp,89,6.46E-05,18128.28689,1744.210996,45.82376193,0.040779622,0.856151455,1.969723415,5.49E-05,0.000126755,15705.62934,37165.33249,653.1999441,1395.426605,0.483604668,227449483.5,896979.7363,9.783633648,0.765286715,-0.549850698,0.906602566,0.874760981,1519.269382,23.96022164,4608.836015,-0.549934215,1395.426605,-0.569533957,0.034596064,0.297863661,0.975074903,0.984676693,0.016864002,7.40E-05,2.85E-07,1.91E-05,9.17E-16,1.02E-10,5.66E-15
089_L_index_2.bmp,89,6.28E-05,18522.38847,1680.575912,43.24404783,0.039298503,0.856034577,2.079787418,5.30E-05,0.000133261,16126.42464,40603.23135,625.7552519,1440.43552,0.464959161,228303840.2,887738.1494,9.898562121,0.769816949,-0.552685896,0.908605824,0.877344979,1504.429203,23.53903617,4523.784027,-0.552767749,1440.43552,-0.572905353,0.032876005,0.291698932,0.97495279,0.984351368,0.017176924,7.36E-05,2.76E-07,2.11E-05,3.06E-15,1.87E-10,8.42E-16
089_L_index_3.bmp,89,0.000134635,10198.61351,1692.576634,37.26482642,0.03959554,0.855788527,1.971689949,0.00011427,0.000269621,8878.731033,20058.71571,346.1000516,779.8709381,0.47031065,93127031.8,402477.872,6.708914614,0.774676839,-0.55571305,0.911236817,0.880125514,824.9689896,17.2669437,2481.835518,-0.555787741,779.8709381,-0.573996774,0.03482391,0.299641464,0.981528932,0.991147576,0.023462535,0.00014276,8.12E-07,3.88E-05,5.60E-14,1.24E-09,3.54E-14
089_L_index_4.bmp,89,0.000111865,12906.74728,1766.730334,35.36035835,0.040193685,0.866522886,1.946209639,9.52E-05,0.000220672,11467.17005,28200.87191,408.8479359,1202.267292,0.404817499,166218389.7,613354.2962,8.5259211,0.771509439,-0.553743666,0.907901346,0.878309445,1112.386077,19.51325164,3240.332226,-0.553835458,1202.267292,-0.571800454,0.032491513,0.290514832,0.977875756,0.987471076,0.021404526,0.000100373,1.19E-06,3.97E-05,2.35E-13,2.19E-09,2.69E-14
089_L_index_5.bmp,89,0.00011315,12922.25403,1762.861308,34.77203334,0.039973958,0.868079506,1.927978656,9.71E-05,0.000216505,11465.63378,28186.21164,412.9930621,1161.054659,0.415695949,163668419.3,606620.1557,8.413347522,0.772070463,-0.554092691,0.907609303,0.87863125,1094.157183,19.38205865,3210.467269,-0.554181115,1161.054659,-0.571367441,0.032026435,0.288708054,0.978017248,0.987765049,0.021391768,0.000100954,1.15E-06,3.89E-05,1.61E-13,1.76E-09,1.35E-14
089_L_index_6.bmp,89,0.000165858,9318.761225,1743.728365,33.0505875,0.040804036,0.856033893,1.932741703,0.000139876,0.000328836,8118.722564,18685.952,278.6940819,687.7218974,0.447679406,70249359.98,307558.6668,6.647761965,0.746080593,-0.537802847,0.899350196,0.863712997,698.5719869,16.76717447,2101.952547,-0.537906101,687.7218974,-0.559287652,0.037924423,0.308449265,0.981021204,0.992023788,0.023076728,0.000107216,1.16E-06,4.95E-05,4.32E-13,3.24E-09,5.63E-14
090_L_index_1.bmp,90,0.000265616,5670.30297,1909.900124,72.99052188,0.044539388,0.856049289,2.017745495,0.000225306,0.000544269,4970.099601,12057.51045,243.2543597,636.2406677,0.433346158,64886413.87,266822.7574,6.577183122,0.718759743,-0.520604239,0.88710537,0.847697341,637.0970158,16.70931969,1906.097975,-0.520789803,636.2406677,-0.543772255,0.042578189,0.320803803,0.980769372,0.992735367,0.029741875,0.000168808,5.94E-07,8.05E-05,2.71E-14,7.99E-10,1.04E-13
090_L_index_2.bmp,90,0.000254419,5927.262448,1900.857459,68.87482926,0.043900553,0.859627405,1.998641245,0.000216872,0.000509985,5222.82055,13018.38012,257.4925402,668.0549371,0.435321833,74968328.14,295176.2367,6.685804896,0.719415885,-0.521016481,0.88742919,0.84808893,668.0255556,16.9645205,2003.751719,-0.52119185,668.0549371,-0.544593181,0.042463404,0.320689298,0.980586836,0.99249076,0.029958913,0.000175117,9.76E-07,8.53E-05,4.18E-13,3.74E-09,2.45E-13
090_L_index_3.bmp,90,0.000476433,4104.982145,1856.656798,75.51847191,0.043981934,0.850555157,2.086298494,0.000401184,0.00099503,3626.336671,9828.47176,173.0340013,582.8279055,0.37256829,78444502.09,254942.9196,5.497076501,0.725410262,-0.524813374,0.891779757,0.851603841,514.801137,13.77524989,1479.446474,-0.525029245,582.8279055,-0.549076922,0.042250909,0.320529124,0.984009136,0.994090246,0.040024914,0.000307628,1.36E-06,0.000156116,9.80E-13,7.93E-09,2.84E-13
090_L_index_4.bmp,90,0.000317611,5273.673292,2051.457865,64.39265598,0.048193359,0.853772669,2.063602253,0.000268093,0.000659193,4672.733245,12633.17763,240.3738547,807.106793,0.373320751,114436315.8,373035.0834,6.767684503,0.71770003,-0.519925465,0.886625711,0.847085288,718.0220189,16.32829201,2052.42788,-0.52008784,807.106793,-0.543049309,0.042966915,0.322151722,0.981021495,0.991935219,0.030614528,0.000151763,7.00E-07,9.12E-05,1.16E-14,5.07E-10,2.08E-14
090_L_index_5.bmp,90,0.000281333,5606.275198,1955.302419,69.98680005,0.047090658,0.844760748,2.075232738,0.000235649,0.000591135,4905.146792,13463.60034,268.147347,874.7059587,0.380092593,115032133.9,393599.0124,7.401972549,0.705809753,-0.512396536,0.88275551,0.840026301,789.900244,17.79723843,2282.523756,-0.512567618,874.7059587,-0.538963776,0.04376129,0.323502726,0.979263473,0.991094766,0.02958084,0.000139645,9.82E-07,8.73E-05,9.46E-15,5.79E-10,9.05E-14
090_L_index_6.bmp,90,0.000506817,5162.497687,1968.553204,55.53715846,0.045882161,0.855673232,2.002492516,0.000437997,0.000955663,4582.985997,12842.22596,254.3326693,762.7326225,0.400084602,95990933.21,342853.1907,6.844954312,0.73017817,-0.527803532,0.892381603,0.854430867,705.9008202,16.59110591,2073.12322,-0.527941237,762.7326225,-0.551597337,0.039573619,0.312534317,0.980606686,0.991886637,0.035187226,0.000213896,1.78E-06,0.00012279,2.36E-13,-5.27E-09,6.29E-13
091_L_index_1.bmp,91,0.000210599,6340.343353,1599.63459,59.3165977,0.039717611,0.828837282,2.176898241,0.00017165,0.0004784,5436.687379,13641.09587,228.1428741,691.5631771,0.397520625,68689851.35,277080.5795,6.615416713,0.748058191,-0.539070302,0.900496894,0.864818887,639.5627899,15.8066411,1871.3116,-0.539206434,691.5631771,-0.563333097,0.035724575,0.300302358,0.98105656,0.992254787,0.027911588,0.000134718,7.44E-07,7.27E-05,1.20E-14,4.80E-10,-4.28E-14
091_L_index_2.bmp,91,0.000204154,6312.250309,1686.763764,59.0094848,0.040677897,0.840339234,2.15348854,0.000169144,0.000455451,5454.356982,13326.99591,244.595378,692.8249822,0.413867715,63693754.9,274960.0506,6.91809814,0.735722751,-0.531310868,0.893824807,0.857652168,663.5860053,16.66863292,1967.041179,-0.531460418,692.8249822,-0.5543726,0.037205041,0.304569594,0.980023562,0.992025048,0.026853178,0.000125297,4.24E-07,6.53E-05,1.37E-15,1.29E-10,-6.24E-16
091_L_index_3.bmp,91,0.000202347,6968.688153,1663.730229,51.31793313,0.039086914,0.846963604,2.162052831,0.000169052,0.000431623,6099.896412,19531.07403,244.549429,734.7343409,0.399646541,92189395.82,329332.2726,6.463573248,0.753471319,-0.542464509,0.901706612,0.867951128,675.7087991,15.78475928,1979.512054,-0.542599708,734.7343409,-0.563155586,0.036088665,0.302430045,0.981800133,0.992223025,0.027926335,0.00015373,1.84E-07,5.78E-05,9.50E-15,6.35E-10,2.31E-15
091_L_index_4.bmp,91,0.000231666,5658.625549,1649.301324,50.77861061,0.039461263,0.840215364,2.197311813,0.000191211,0.000523804,4892.934807,12763.94477,204.8979504,556.0443012,0.42431172,49336183.28,214536.3016,6.038427977,0.743470009,-0.53617447,0.898444183,0.862179487,544.1466001,15.02923211,1617.89815,-0.536290661,556.0443012,-0.56021016,0.036934348,0.304328648,0.982176683,0.993482818,0.029528645,0.000161386,2.61E-07,7.24E-05,5.46E-18,-1.76E-11,1.03E-15
091_L_index_5.bmp,91,0.000229117,6319.598007,1624.933676,52.3244027,0.037906901,0.848547766,2.129971678,0.000190965,0.00051035,5524.74418,15065.79102,216.7082406,652.4822225,0.399138265,75567160.45,279654.2352,6.051666693,0.761979153,-0.547794687,0.904957119,0.872845209,600.2817999,14.73949363,1753.012249,-0.547914953,652.4822225,-0.568454513,0.034359634,0.29661462,0.982732831,0.99292537,0.030514823,0.000168293,1.71E-07,8.03E-05,-5.87E-17,-3.87E-11,-3.07E-15
091_L_index_6.bmp,91,0.000267865,5803.772991,1678.64235,56.17053367,0.039908854,0.842282867,2.188315515,0.000220602,0.000610453,5091.455512,14790.78686,185.6356677,647.8154414,0.364324431,81939063.12,274544.0558,5.817239698,0.755431111,-0.543699292,0.903622744,0.869071568,561.2187414,13.95577298,1600.589187,-0.543845714,647.8154414,-0.565652648,0.035202552,0.299145491,0.98341276,0.993316466,0.031305898,0.000147136,7.15E-07,9.76E-05,-6.88E-15,-9.53E-11,-7.66E-14
092_L_index_1.bmp,92,0.000192752,8113.649876,1582.830915,44.1491956,0.03667806,0.859002241,1.961262582,0.00016285,0.000403174,7136.622509,15707.35692,255.868771,763.2749872,0.401374916,82046528.13,324084.7216,6.585996257,0.744780744,-0.536998226,0.899808044,0.862940276,711.0916296,16.49748171,2076.906588,-0.537132618,763.2749872,-0.559791672,0.039990864,0.315291712,0.981599069,0.991865668,0.025973366,0.00015853,5.10E-08,4.50E-05,8.71E-16,1.23E-10,8.19E-16
092_L_index_2.bmp,92,0.000185096,8288.118268,1619.426725,41.19774295,0.037178548,0.862325764,1.866075581,0.000157719,0.000361257,7286.617915,15131.82547,285.2232915,797.6951587,0.416962731,89506517.92,355597.0619,6.750340995,0.740744035,-0.534454404,0.898335448,0.86060453,764.3436084,17.32099015,2257.392596,-0.534574364,797.6951587,-0.556569868,0.04212905,0.322146878,0.981260496,0.9915232,0.025627527,0.000153102,8.12E-08,4.31E-05,2.05E-15,2.57E-10,6.84E-16
092_L_index_3.bmp,92,0.000210091,7755.840609,1622.773797,39.79527321,0.037455241,0.85878857,1.998607763,0.000176909,0.000452088,6852.871491,16151.8338,263.0232484,810.4447158,0.393620037,100604943.1,362738.5006,6.772334629,0.732506732,-0.529272416,0.895236796,0.855792551,745.4416151,16.87649091,2165.475893,-0.529411318,810.4447158,-0.553876629,0.042224894,0.321432749,0.981162929,0.991646085,0.025999775,0.000149195,9.81E-08,4.61E-05,2.57E-15,3.17E-10,1.18E-15
092_L_index_4.bmp,92,0.00030483,7004.591988,1608.737315,34.52813944,0.037927246,0.850174469,2.151613433,0.000250446,0.000698657,6266.625876,17138.35741,183.6694362,830.2466387,0.3067404,120391152.3,364083.9083,6.297324714,0.753431546,-0.542444406,0.904071062,0.867920635,650.577671,13.93664248,1774.5521,-0.542610577,830.2466387,-0.567344499,0.034446539,0.295924151,0.982790418,0.992149542,0.028253006,0.000152952,6.75E-07,6.79E-05,-5.61E-14,-2.42E-09,-7.93E-14
092_L_index_5.bmp,92,0.0001861,8083.811487,1491.714987,45.01494723,0.033557129,0.868709095,1.947092828,0.000158986,0.000374456,7231.440879,17249.31421,310.8518415,921.0231436,0.402998132,113844436.2,428996.52,7.362452555,0.76716376,-0.551024482,0.905719729,0.87583455,851.3231397,17.35610706,2485.085449,-0.551106038,921.0231436,-0.568827471,0.033821808,0.295182306,0.980043221,0.990124715,0.030612899,0.000281842,5.72E-08,4.44E-05,7.16E-14,4.48E-09,1.26E-15
092_L_index_6.bmp,92,0.000318252,7885.996173,1482.893787,47.96106601,0.033186849,0.868957117,1.913865365,0.000290046,0.000504477,7059.311882,16308.16342,298.9772708,906.9748778,0.397343299,113646096.2,422310.0629,7.152602777,0.773174753,-0.554783977,0.907332763,0.879257629,828.6420325,16.79376424,2403.837131,-0.554868846,906.9748778,-0.570534281,0.032404843,0.290111609,0.980650182,0.99041969,0.031965262,0.000300366,6.36E-08,5.15E-05,6.71E-15,2.52E-09,-1.56E-15
093_L_index_1.bmp,93,0.000246831,6173.834849,1615.595673,47.87338937,0.038366699,0.847040567,2.067696782,0.000207205,0.0005183,5385.324976,13482.55707,197.7500136,565.1043991,0.411738136,62082294.69,239462.5701,5.402243638,0.780689946,-0.559478741,0.91480909,0.88351625,530.595161,13.55361323,1555.269209,-0.559565479,565.1043991,-0.58022854,0.031932975,0.288840199,0.984479402,0.993781325,0.034939832,0.000295238,9.85E-07,8.35E-05,-5.20E-15,4.10E-10,-1.77E-14
093_L_index_2.bmp,93,0.000258757,6291.966529,1604.608989,48.8232587,0.037325033,0.854293258,2.03019773,0.00021776,0.000536956,5541.455651,14275.99676,188.4838338,643.5761,0.369384801,75361372.34,268334.7843,5.704258651,0.786473466,-0.563086909,0.914986819,0.886778839,557.2677804,13.317357,1590.17425,-0.56318407,643.5761,-0.581614188,0.028395443,0.274558033,0.983895905,0.993186933,0.036463661,0.000306556,1.40E-06,9.72E-05,-1.51E-15,1.76E-10,1.27E-14
093_L_index_3.bmp,93,0.000418702,7114.202257,1685.067341,42.56390323,0.037125651,0.874643679,1.957703614,0.000352048,0.00093349,6477.59136,16130.83807,488.4825725,1428.198597,0.406198974,201094746.2,746688.7718,10.00604964,0.751767682,-0.541386507,0.893561521,0.866982372,1329.49459,22.14811693,3896.930054,-0.541506257,1428.198597,-0.555627007,0.033207643,0.291321,0.974228894,0.98498351,0.033546863,0.000291384,8.40E-07,7.04E-05,-1.23E-13,-1.29E-08,-4.37E-13
093_L_index_4.bmp,93,0.000294233,5205.772922,1607.962848,42.51176596,0.036218262,0.868353965,1.898493074,0.000254233,0.000569913,4594.923937,9479.912115,136.498951,308.1148471,0.469796395,21605036.71,111659.583,4.060431255,0.783421152,-0.561182012,0.915573481,0.885060308,324.5344382,11.29370392,994.6471791,-0.561279883,308.1148471,-0.579822808,0.032881583,0.293002371,0.987492655,0.996200801,0.040115031,0.000406222,1.85E-06,0.000107149,-1.05E-14,-1.45E-09,-4.57E-13
093_L_index_5.bmp,93,0.0002883,5323.862134,1594.171129,43.91715011,0.036291504,0.862546788,1.934840019,0.000247463,0.000576967,4682.137894,10197.76181,139.2718386,328.2224924,0.459065679,22524793.64,117108.0638,4.260351638,0.781561641,-0.560024762,0.913578088,0.884005886,337.4752639,11.48092324,1030.295753,-0.560127224,328.2224924,-0.577602931,0.031403889,0.286969163,0.986911745,0.995980391,0.039911724,0.000388062,1.14E-06,0.000103041,7.24E-15,8.11E-10,-8.83E-14
093_L_index_6.bmp,93,0.000249234,6230.21885,1570.192725,46.87754869,0.036474609,0.856820066,1.966203834,0.000211552,0.000506931,5466.938783,12253.95551,165.3970291,460.7033447,0.417941139,45005126.12,184158.5437,4.792299688,0.786482647,-0.563092239,0.916111318,0.886784599,435.8391303,12.30878549,1287.974904,-0.563190417,460.7033447,-0.58157012,0.030584379,0.283895768,0.985912365,0.99484208,0.037878023,0.000353059,7.17E-07,8.94E-05,1.11E-13,9.72E-11,4.28E-14
094_L_index_1.bmp,94,0.000236032,5997.983704,1544.964097,47.12187779,0.037935384,0.834272976,2.186104067,0.000192927,0.00055142,5149.188682,12737.76624,212.25723,570.8037715,0.426522584,56262242.05,234897.5613,5.943884695,0.755220876,-0.543552976,0.902976245,0.86897297,555.5833151,14.732756,1653.193185,-0.543661641,570.8037715,-0.565741241,0.035368886,0.299866463,0.982639328,0.993367628,0.028755003,0.000131235,2.63E-07,8.40E-05,8.32E-14,2.15E-09,4.58E-14
094_L_index_2.bmp,94,0.000239353,5783.429483,1648.845432,50.61303738,0.039546712,0.8423405,2.169085077,0.00019689,0.000562068,5011.43027,12035.68493,213.5979404,556.6326336,0.434225678,50556788.51,223042.1327,5.979561752,0.746998381,-0.538391293,0.899364328,0.864226157,551.2957633,15.02152849,1653.132825,-0.538508607,556.6326336,-0.560817539,0.036935649,0.304845666,0.982411209,0.993455438,0.028136905,0.000118922,4.69E-07,8.46E-05,2.53E-13,3.08E-09,5.73E-14
094_L_index_3.bmp,94,0.000241756,5840.57922,1658.400585,54.84819073,0.040498861,0.833662823,2.195471948,0.000196892,0.000570039,5019.963622,12529.1488,212.3176216,587.2641377,0.419649364,57719434.23,238178.3092,6.019584264,0.748083603,-0.539077856,0.901303723,0.864846715,565.3640153,15.00969843,1678.297309,-0.539204854,587.2641377,-0.563404768,0.037317927,0.306302828,0.982457303,0.993267594,0.027833776,9.74E-05,8.72E-07,9.13E-05,1.81E-13,2.01E-09,8.82E-14
094_L_index_4.bmp,94,0.000208609,6280.798709,1523.328091,48.12867417,0.036722819,0.837838141,2.14560196,0.000172377,0.000466161,5359.674326,13051.35795,247.4021498,526.689083,0.484434584,43822591.77,227646.3097,5.922667225,0.756501893,-0.544349459,0.903704099,0.86972068,576.9970093,15.42111877,1771.169062,-0.544451423,526.689083,-0.565879656,0.035712878,0.301256472,0.982534552,0.993427386,0.029695477,0.000166977,4.67E-07,7.71E-05,8.57E-15,7.16E-10,3.17E-14
094_L_index_5.bmp,94,0.000207155,6222.906375,1599.544217,52.03714022,0.037809245,0.846136074,2.062567282,0.000171981,0.000451613,5383.762692,12515.42241,237.4722249,501.8450272,0.486296364,39359864.27,212195.0574,5.682419413,0.760805704,-0.547047534,0.906224247,0.872191235,553.2404046,15.05331402,1695.066065,-0.547149995,501.8450272,-0.568825569,0.035929287,0.302391798,0.98321045,0.993736986,0.029762816,0.000178369,3.34E-07,7.08E-05,-1.23E-15,7.28E-12,6.54E-15
094_L_index_6.bmp,94,0.000250344,5617.334051,1654.122898,44.37305649,0.040071615,0.838741015,2.110225379,0.000205273,0.00057149,4829.956656,11218.44667,183.2644405,464.6082618,0.441005701,32645101.34,164994.3354,5.639009564,0.736610446,-0.531857991,0.895591548,0.858188907,470.4788018,14.44299464,1421.912552,-0.531988371,464.6082618,-0.555773155,0.038526788,0.309525807,0.98296333,0.994315754,0.028050928,0.000135539,8.34E-07,8.27E-05,5.00E-13,4.17E-09,4.18E-15
095_L_index_1.bmp,95,0.000269674,6606.724859,1877.420189,42.51470099,0.041316732,0.880846553,1.747578942,0.000232847,0.00050931,5946.012131,11031.74237,225.6021558,508.7284988,0.47005022,50027463.23,225262.3162,5.865506528,0.723870663,-0.523812555,0.887253712,0.850744392,542.04935,15.27965447,1660.885763,-0.523958801,508.7284988,-0.543951546,0.041093286,0.31705796,0.982447566,0.993890606,0.031402457,0.000221162,2.26E-06,9.38E-05,9.51E-12,2.51E-08,3.61E-13
095_L_index_2.bmp,95,0.000268087,6520.700398,1977.666417,42.13300945,0.043111165,0.885089752,1.703527506,0.00023463,0.000477118,5859.627631,11011.43266,231.3483406,501.9563792,0.479667458,44691847.28,215803.9185,6.012747301,0.715723115,-0.51865674,0.882083112,0.845945548,548.7315672,15.77622223,1692.868807,-0.518799496,501.9563792,-0.537530585,0.042365609,0.320331702,0.981891403,0.993835459,0.030795659,0.000213984,3.04E-06,8.89E-05,7.24E-12,2.04E-08,2.35E-13
095_L_index_3.bmp,95,0.000281445,6693.676306,1880.656265,38.25926804,0.041292318,0.88251226,1.739337673,0.000244379,0.000524129,6016.902784,11594.99533,214.5568121,546.7769818,0.439722644,61837212.16,245093.2366,5.79859555,0.732601368,-0.529319755,0.890354596,0.855867459,545.2330257,14.73608342,1638.036557,-0.529448448,546.7769818,-0.548350268,0.039504201,0.312627315,0.982889005,0.993777058,0.031628233,0.00022842,1.09E-06,8.58E-05,2.26E-12,1.27E-08,-7.22E-14
095_L_index_4.bmp,95,0.000179083,8353.697089,1861.442398,39.83289675,0.042903646,0.863035854,1.907861647,0.000152281,0.000352776,7358.586068,17603.22759,366.9987161,847.8401439,0.464074578,113560472,450383.2035,7.33575562,0.734686616,-0.530631223,0.895648341,0.85709,892.509055,18.84152027,2691.059435,-0.530744655,847.8401439,-0.553881062,0.041521564,0.319501604,0.979636696,0.990628969,0.026461311,0.000134322,7.03E-07,6.50E-05,2.75E-13,3.10E-09,1.32E-13
095_L_index_5.bmp,95,0.000172828,8545.349362,1944.048881,43.56074745,0.043375651,0.874823383,1.851774508,0.000149625,0.000329034,7590.006618,16749.24845,368.5196088,888.7176882,0.453408119,111095123.4,452765.3572,7.756255044,0.733099742,-0.529632071,0.891641364,0.856161674,918.086412,19.17742012,2751.116313,-0.529736118,888.7176882,-0.549864433,0.038836941,0.310254814,0.978453238,0.990067365,0.026398898,0.000119971,1.29E-06,7.26E-05,7.23E-13,4.70E-09,4.00E-13
095_L_index_6.bmp,95,0.000209702,7475.18662,1926.685707,41.742565,0.043212891,0.873522189,1.907216441,0.000181185,0.00041492,6641.921659,16055.15355,268.4047801,656.7170745,0.449774258,79301875.52,313136.9906,6.475220693,0.731565362,-0.528673111,0.892274481,0.855251201,667.5287468,16.42189731,2017.657869,-0.528812638,656.7170745,-0.550645366,0.039430285,0.312204502,0.981295124,0.992576365,0.028529896,0.000161575,7.09E-07,7.10E-05,9.40E-14,1.70E-09,-7.03E-14
096_L_index_1.bmp,96,0.000556387,3902.888389,1807.446767,66.68443911,0.04514974,0.825295137,2.328546287,0.000450794,0.001368318,3405.709813,10243.80425,206.4800581,744.4250166,0.356810906,99652062.14,326129.933,6.479618921,0.720276229,-0.521551254,0.888621149,0.848611243,640.0167972,15.25640661,1819.282453,-0.52171406,744.4250166,-0.547806822,0.040645928,0.314962008,0.981622176,0.992492551,0.035769448,0.000205369,6.69E-07,0.000108022,-2.06E-13,3.26E-09,-8.59E-14
096_L_index_2.bmp,96,0.000580592,3853.40325,1841.240222,69.35994655,0.045239258,0.833118353,2.212322216,0.000473236,0.001383304,3413.455794,9896.668111,191.115865,757.7451089,0.335300325,102003020.9,325830.2245,6.322230988,0.724281929,-0.524087175,0.889910943,0.850962449,626.1519672,14.73087725,1754.922851,-0.524269318,757.7451089,-0.548698024,0.040477558,0.314855406,0.982223831,0.992578075,0.039211079,0.000259198,7.32E-07,0.000140095,-3.26E-14,-1.28E-09,4.22E-14
096_L_index_3.bmp,96,0.000619781,3963.228319,1749.58222,53.59258578,0.041825358,0.842196656,2.155575967,0.000506696,0.001481834,3500.423385,8725.374342,220.7691632,731.0383837,0.376557762,86762655.28,313632.6265,6.423134128,0.763823556,-0.548938721,0.902414969,0.873918108,643.5007133,14.82037452,1850.327086,-0.549053844,731.0383837,-0.565673963,0.032410425,0.289330018,0.981940067,0.992204733,0.037869528,0.000234484,1.02E-07,0.000118639,1.15E-12,7.53E-09,-2.63E-13
096_L_index_4.bmp,96,0.000673175,4085.243145,1800.925025,53.30518895,0.043949382,0.834457496,2.284291247,0.000546517,0.001646947,3612.566116,11486.00867,243.7027697,827.8230487,0.370587517,111745447.3,377189.1885,6.919519583,0.752448995,-0.541814683,0.898332508,0.867374613,720.4245981,15.66596224,2065.327065,-0.541940544,827.8230487,-0.561636563,0.033173648,0.291317707,0.980761237,0.991447088,0.03584292,0.00020097,2.22E-07,0.000101934,3.62E-12,1.73E-08,-8.62E-13
096_L_index_5.bmp,96,0.00074901,2489.387389,1789.998922,75.08054297,0.046020508,0.817158142,2.388956414,0.000590353,0.002013354,2147.584857,6018.057581,102.7701501,341.3336764,0.375850943,37598925.34,125727.3325,4.614243102,0.667529974,-0.488019825,0.87258304,0.816868009,311.6141013,12.15551081,912.2766058,-0.488357125,341.3336764,-0.526327327,0.050705058,0.339360207,0.985411492,0.996296327,0.042553362,0.000265597,1.69E-06,0.000143277,9.19E-12,3.15E-08,-2.82E-12
096_L_index_6.bmp,96,0.000695251,2747.672547,1863.090187,77.6385211,0.048103841,0.815358254,2.419765369,0.000555275,0.001751526,2373.335513,10789.22099,127.9536915,425.0119479,0.375830918,55908412.43,176504.1297,5.067292007,0.667918411,-0.488265744,0.872442783,0.817110749,384.2260098,13.03339677,1119.663716,-0.488572674,425.0119479,-0.526579246,0.049769999,0.336725252,0.984355526,0.995541021,0.040921419,0.000257228,3.80E-07,0.000140327,8.84E-13,9.91E-09,-2.85E-13
097_L_index_1.bmp,97,0.000157281,7919.533419,1385.897758,46.80014875,0.031929525,0.855302214,2.091962961,0.000133229,0.000323587,6923.282942,20371.57906,235.4619331,566.3108516,0.454100526,60412798.97,257162.7782,5.457309963,0.79770563,-0.570072155,0.921500799,0.893094449,578.0912882,14.07238705,1722.51113,-0.570162695,566.3108516,-0.588605491,0.030442616,0.284007497,0.98447329,0.993363929,0.028906186,0.000265432,9.68E-08,4.31E-05,-1.97E-15,2.16E-10,-4.88E-16
097_L_index_2.bmp,97,0.000162173,7840.862789,1467.617119,52.48087501,0.033418783,0.860341932,2.019912429,0.000138349,0.000320577,6882.461022,19145.72844,209.186675,607.9456372,0.407706448,62743808.34,253752.4674,5.872822433,0.799915628,-0.571445284,0.918246005,0.894330685,568.6183522,13.61262225,1645.847363,-0.571534813,607.9456372,-0.586438536,0.02598937,0.264663889,0.983287058,0.992858061,0.028172648,0.000238912,2.42E-07,4.77E-05,2.13E-14,1.54E-09,-1.57E-14
097_L_index_3.bmp,97,0.000159629,7690.043512,1419.23939,48.25755598,0.032926432,0.852779288,2.050609655,0.000134658,0.000331095,6670.589621,15799.1506,228.1563387,535.2705526,0.460240502,45637466.89,225112.9341,5.520399249,0.791994909,-0.566521848,0.919354704,0.889890522,553.858074,14.16711585,1664.953924,-0.566612804,535.2705526,-0.586212793,0.030554435,0.284076967,0.984083677,0.993447187,0.028889234,0.000280433,3.26E-07,4.15E-05,1.49E-14,1.19E-09,-2.49E-14
097_L_index_4.bmp,97,0.000162743,8721.409548,1372.746405,47.61063272,0.031628418,0.850431635,2.187746322,0.000136558,0.000359007,7641.196302,20061.35934,219.5212163,709.8396318,0.382181385,79449662.53,299813.1953,6.198997195,0.795655107,-0.568817379,0.918349391,0.891916293,631.8958568,14.15369361,1804.641066,-0.568950371,709.8396318,-0.586503888,0.026891976,0.268240897,0.982745443,0.992158376,0.029620299,0.000270002,3.02E-07,4.91E-05,3.09E-14,1.83E-09,-5.19E-14
097_L_index_5.bmp,97,0.000166979,8474.514953,1463.994778,53.56469313,0.033703613,0.853257901,2.182609024,0.000140671,0.000373698,7452.823345,18989.84855,227.3877637,716.8937672,0.388166153,80618271.13,305179.9849,6.235985403,0.788570063,-0.564422543,0.916444049,0.887915374,644.8278383,14.55040754,1854.878301,-0.564580908,716.8937672,-0.584095523,0.029075104,0.2772082,0.982632966,0.992154054,0.028522292,0.000246097,6.97E-07,4.70E-05,6.14E-14,1.84E-09,-2.70E-14
097_L_index_6.bmp,97,0.00014713,8893.440869,1565.76472,48.8530352,0.035852051,0.856806043,2.041603304,0.000124233,0.000311714,7777.384576,17967.11618,346.4672196,920.4067899,0.429503852,101920122.5,428595.9325,8.125178496,0.741596872,-0.534987953,0.893837119,0.861104966,898.8613372,19.00939241,2688.261443,-0.535104027,920.4067899,-0.55459387,0.036127285,0.301501419,0.977497001,0.989369147,0.026022205,0.00016599,2.67E-07,4.73E-05,-5.78E-18,-9.07E-13,-1.68E-15
098_L_index_1.bmp,98,0.000347634,8097.07718,1802.68304,31.06297299,0.03918457,0.885678743,1.734148202,0.000297208,0.000689059,7383.846806,13903.58758,224.3629168,714.8665535,0.385647045,99652843.96,341582.4625,6.124306326,0.744646754,-0.536902176,0.895021338,0.862881112,637.1194508,14.34037344,1833.647548,-0.537028158,714.8665535,-0.554601211,0.034810682,0.296909715,0.982793525,0.992621256,0.031375638,0.000248282,5.04E-06,9.62E-05,4.15E-11,5.66E-08,-4.17E-12
098_L_index_2.bmp,98,0.000359961,8029.525327,1777.424446,30.67418677,0.039282227,0.879981167,1.77541637,0.000301548,0.000771274,7327.733262,13471.23962,218.1590448,729.8630499,0.374164368,96851224.97,334648.4689,6.275671881,0.735711901,-0.531279367,0.892614244,0.857684851,642.4826112,14.55675892,1830.13684,-0.531422926,729.8630499,-0.551434066,0.036644755,0.302764283,0.982362492,0.992430158,0.031299792,0.000249032,4.45E-06,9.14E-05,2.71E-11,4.52E-08,-2.82E-12
098_L_index_3.bmp,98,0.000316742,8381.19513,1860.557323,28.61741803,0.039916992,0.891296814,1.688498568,0.00027692,0.000584679,7653.217393,13865.93142,245.7126758,807.0200674,0.37847882,110588633,378998.8885,6.706935573,0.728761134,-0.526893006,0.888253352,0.853627052,714.6061569,15.68230817,2052.606507,-0.527024739,807.0200674,-0.545195499,0.038783744,0.309752764,0.981337075,0.991727398,0.029175204,0.000192112,3.79E-06,8.63E-05,1.82E-11,3.21E-08,-1.42E-12
098_L_index_4.bmp,98,0.000478988,6220.331788,1730.243122,35.34842956,0.039656576,0.863886098,1.926873767,0.000405932,0.000988484,5583.019138,11548.72339,145.9794014,500.481075,0.368447032,67001718.34,215520.96,4.934803868,0.715089014,-0.518274469,0.888617373,0.845539498,440.094683,12.68532,1258.723546,-0.518481414,500.481075,-0.544158615,0.044128879,0.32563277,0.985419956,0.994961946,0.034829935,0.00032175,6.35E-06,0.000103805,1.84E-11,3.95E-08,-6.42E-12
098_L_index_5.bmp,98,0.000490702,6480.377233,1614.635381,34.35908941,0.037475586,0.85882243,1.998431603,0.000414296,0.001056261,5802.375146,12434.17864,123.5219194,478.1758029,0.340661799,63631722.58,200658.3908,4.555520416,0.745031989,-0.537171828,0.901058278,0.863061354,397.592226,11.25514794,1111.315292,-0.537354692,478.1758029,-0.562166965,0.03636887,0.302415991,0.986632624,0.995275203,0.036771054,0.000376988,6.07E-06,0.00010981,1.99E-11,4.69E-08,-9.54E-12
098_L_index_6.bmp,98,0.000357326,6993.627478,1812.874338,40.56432229,0.042252604,0.859505873,1.932292996,0.000302369,0.000710654,6245.917984,14680.20047,232.413152,600.3961433,0.436423139,76799085.5,286252.2614,6.054280376,0.717681729,-0.519907896,0.88799797,0.84708414,599.9809645,15.28211116,1779.727687,-0.520097213,600.3961433,-0.544322329,0.042136186,0.319626686,0.982330761,0.993302725,0.030186886,0.000229458,1.77E-06,7.79E-05,6.13E-12,2.20E-08,-3.97E-13
099_L_index_1.bmp,99,0.000317775,5162.939637,1887.7546,48.22024204,0.043583171,0.863262087,1.901416067,0.00026929,0.000648476,4572.84371,9479.960179,150.4457316,332.8253796,0.474823604,29713810.52,137616.8997,4.215805426,0.78374345,-0.561374253,0.913582997,0.885255401,352.4453565,11.43676641,1078.557969,-0.561466226,332.8253796,-0.577612856,0.032595076,0.291903808,0.98714831,0.99585549,0.035803669,0.000232553,1.64E-06,0.000118355,-2.41E-13,9.15E-11,-8.86E-13
099_L_index_2.bmp,99,0.000318763,5163.467954,1838.603993,47.27933921,0.042740885,0.858749572,1.896012068,0.00026888,0.000641043,4548.427652,9334.421894,154.5781337,310.1548308,0.499201143,26605900.94,131780.2114,4.145103539,0.785358556,-0.562380954,0.914589901,0.886166975,344.0148331,11.44092021,1072.545056,-0.562472777,310.1548308,-0.578878478,0.032664399,0.292373588,0.987277874,0.995976179,0.036190558,0.000253296,2.14E-06,0.000114999,-5.30E-14,4.15E-10,-7.40E-13
099_L_index_3.bmp,99,0.000282817,6022.440186,1949.384894,48.77901645,0.044392904,0.86738891,1.853864499,0.000242697,0.000541952,5344.5388,11175.1048,173.3675339,468.6002108,0.425282904,43073571.1,185417.5177,4.962075387,0.77853913,-0.558126447,0.911628622,0.882313878,451.7274311,12.7361446,1338.799536,-0.558219188,468.6002108,-0.575034398,0.032922567,0.292722286,0.985423858,0.994560396,0.032280365,0.00018158,3.17E-07,8.86E-05,-2.03E-14,1.53E-09,8.93E-15
099_L_index_4.bmp,99,0.000265237,6331.936596,1938.055959,49.34860874,0.044559733,0.863032803,1.922058126,0.000225213,0.000529584,5613.980425,12622.14793,197.6389154,516.4805518,0.433544635,49289935.88,213119.06,5.399906379,0.768671724,-0.551965377,0.907657788,0.876698702,505.7912209,13.66321441,1509.101996,-0.552060963,516.4805518,-0.570760785,0.033490214,0.294080364,0.984206555,0.993988302,0.031818896,0.000180804,2.64E-07,8.31E-05,-9.34E-16,1.14E-09,1.39E-15
099_L_index_5.bmp,99,0.000289453,5625.305491,2084.130191,51.41243058,0.047338867,0.868994928,1.86103617,0.000250166,0.00055153,4967.779586,10605.67159,168.2911606,387.6392773,0.464777176,36549992.78,162836.6193,4.635809375,0.775806474,-0.556422335,0.909239623,0.880761271,403.5664297,12.24616848,1224.701314,-0.556512067,387.6392773,-0.571843132,0.032604063,0.291248065,0.986018572,0.995298372,0.030467612,0.000155529,2.52E-07,8.78E-05,-1.03E-13,-4.79E-10,-7.53E-14
099_L_index_6.bmp,99,0.00028694,5760.673459,1951.297614,52.62992115,0.045780436,0.856074619,1.946773073,0.000244749,0.000571269,5034.957144,11130.64777,172.8500344,396.9231801,0.465531024,39312853.25,171199.3787,4.662511822,0.774124659,-0.555375067,0.910125499,0.879801245,412.8961975,12.3648311,1255.247629,-0.555471688,396.9231801,-0.573372804,0.0330643,0.292887994,0.985979072,0.995236377,0.03090688,0.000151979,6.69E-07,9.39E-05,-8.45E-14,-9.54E-10,-1.82E-13
100_L_index_1.bmp,100,0.000180778,10984.89133,1599.295567,24.17023835,0.033862305,0.895435654,1.775743678,0.000159312,0.000321765,10069.84027,25907.09414,275.7374403,966.6897361,0.363251751,151759379.2,491749.3796,6.853202901,0.80148842,-0.572409738,0.917036491,0.895227647,814.7626201,14.72234412,2303.570456,-0.572482659,966.6897361,-0.584355089,0.025256984,0.261801849,0.98204123,0.990291818,0.028890708,0.000183458,8.01E-07,7.10E-05,5.83E-13,6.38E-09,-3.53E-13
100_L_index_2.bmp,100,0.000167017,11932.73539,1632.529267,26.10669481,0.035046387,0.889037195,1.924915701,0.000143602,0.000316195,10955.75055,35333.45772,322.5439359,1258.47536,0.338885463,204770135.8,635914.6082,8.243930156,0.780609809,-0.559428396,0.90873945,0.88347129,1026.11435,16.96291291,2855.685691,-0.559532674,1258.47536,-0.574323336,0.028005446,0.272610228,0.978978186,0.987819967,0.026185692,0.000121495,1.26E-06,7.15E-05,1.10E-12,5.93E-09,-4.05E-13
100_L_index_3.bmp,100,0.000174613,11637.43437,1514.190554,31.55418812,0.032259115,0.89093636,2.079389629,0.000152905,0.000310739,10703.0777,44504.02869,253.5512476,1087.553459,0.318001679,181703938.3,545501.5997,6.801104806,0.835058533,-0.593185459,0.930895685,0.913773847,844.8848439,13.603085,2303.293956,-0.593269151,1087.553459,-0.603350285,0.018908512,0.231272609,0.982960391,0.989695022,0.030318804,0.000182428,2.07E-06,8.67E-05,1.62E-12,8.92E-09,-4.17E-13
100_L_index_4.bmp,100,0.000164871,11640.69733,1434.518505,29.08571209,0.030973307,0.886516139,2.227148,0.000142998,0.000312967,10718.82057,51979.86749,258.9942888,1057.432824,0.328794777,179790121.8,541275.7752,6.637142254,0.833085846,-0.591969471,0.931207428,0.912693386,836.1114654,13.63289001,2295.757093,-0.592053691,1057.432824,-0.603459262,0.020132432,0.237980061,0.983328906,0.990003668,0.031022165,0.000172612,2.52E-06,9.94E-05,3.06E-12,1.19E-08,-3.91E-13
100_L_index_5.bmp,100,0.000208485,11375.39465,1519.64961,31.03461848,0.033589681,0.877459262,3.167911274,0.000177863,0.000422148,10408.43192,109037.4784,293.9824005,1505.477952,0.280861842,242831542,707571.2787,9.329261659,0.751365082,-0.541161685,0.895904718,0.866706229,1129.629369,17.82567628,3018.751667,-0.54136172,1505.477952,-0.559299758,0.029468921,0.276247271,0.976504579,0.98622776,0.02794024,0.000132254,2.89E-07,7.41E-05,5.06E-14,1.27E-09,1.05E-15
100_L_index_6.bmp,100,0.000222402,10297.27084,1588.401461,28.606934,0.034619141,0.88372628,1.977291675,0.000190187,0.000433065,9444.773523,31816.39647,285.2945296,1223.878204,0.317980362,190113450.1,582264.9577,8.281574631,0.752283145,-0.541716775,0.896847194,0.86726916,976.2586716,17.00096485,2672.793119,-0.541872701,1223.878204,-0.559215605,0.031541485,0.284864474,0.978463783,0.988354405,0.029660162,0.000180321,1.21E-06,8.04E-05,1.26E-12,8.05E-09,-1.47E-13
